1002 0.034660
1002 0.034054
1002 0.031746
1002 0.016118
1002 0.042146
1030 0.887626
1030 0.799620
1030 0.850384
1030 0.881088
1030 0.906191
1035 0.716958
1035 0.780591
1035 0.720313
1035 0.703284
1035 0.705813
1038 0.967320
1038 0.978799
1038 0.974646
1038 0.952886
1038 0.981689
1028 0.629330
1028 0.869258
1028 0.906675
1028 0.561194
1028 0.650267
1004 0.619048
1004 0.641085
1004 0.652770
1004 0.639316
1004 0.599084
1009 0.752132
1009 0.738195
1009 0.693817
1009 0.684302
1009 0.129555
1010 0.408033
1010 0.541274
1010 0.645570
1010 0.608595
1010 0.592849
1006 0.784059
1006 0.813280
1006 0.807955
1006 0.874859
1006 0.840515
1039 0.903263
1039 0.884192
1039 0.872414
1039 0.874352
1039 0.777842
1007 0.779509
1007 0.775498
1007 0.771171
1007 0.788638
1007 0.755464
1031 0.429958
1031 0.197368
1031 0.240167
1031 0.206792
1031 0.262843
1013 0.396270
1013 0.476896
1013 0.312684
1013 0.338355
1013 0.531727
1005 0.031877
1005 0.032634
1005 0.030642
1005 0.033819
1005 0.046552
1034 0.838814
1034 0.839610
1034 0.884961
1034 0.888179
1034 0.858662
1003 0.674499
1003 0.676169
1003 0.624434
1003 0.574732
1003 0.510863
1036 0.878882
1036 0.907049
1036 0.602706
1036 0.585652
1036 0.509125
1012 0.094719
1012 0.055991
1012 0.074286
1012 0.050058
1012 0.045040
1008 0.172598
1008 0.161894
1008 0.171611
1008 0.207481
1008 0.137391
1037 0.660777
1037 0.834218
1037 0.728273
1037 0.789504
1037 0.356655
1027 0.860228
1027 0.868152
1027 0.880771
1027 0.861432
1027 0.858857
1001 0.169548
1001 0.156390
1001 0.161236
1001 0.158721
1001 0.163140
1011 0.575494
1011 0.548292
1011 0.561883
1011 0.480512
1011 0.491898
1032 0.371993
1032 0.416824
1032 0.517136
1032 0.521127
1032 0.499388
1029 0.315608
1029 0.296445
1029 0.820134
1029 0.728671
1029 0.341928
1033 0.487941
1033 0.486453
1033 0.503041
1033 0.531098
1033 0.440998
1002 0.689954
1002 0.515789
1002 0.583771
1002 0.474352
1002 0.582649
1030 0.638270
1030 0.628644
1030 0.554278
1030 0.628083
1030 0.563863
1035 0.932670
1035 0.964411
1035 0.907343
1035 0.907418
1035 0.929774
1038 0.661628
1038 0.686601
1038 0.736358
1038 0.732794
1038 0.702672
1028 0.592804
1028 0.242707
1028 0.495906
1028 0.498235
1028 0.466706
1004 0.704234
1004 0.589698
1004 0.625895
1004 0.686496
1004 0.613302
1009 0.864558
1009 0.718531
1009 0.813193
1009 0.791986
1009 0.817488
1010 0.494085
1010 0.423510
1010 0.394542
1010 0.394231
1010 0.379272
1006 0.582569
1006 0.697421
1006 0.718768
1006 0.747890
1006 0.714607
1039 0.606823
1039 0.625708
1039 0.565931
1039 0.560795
1039 0.519681
1007 0.524369
1007 0.501189
1007 0.462633
1007 0.506180
1007 0.500289
1031 0.733249
1031 0.663546
1031 0.726646
1031 0.794538
1031 0.576665
1013 0.258213
1013 0.351732
1013 0.379350
1013 0.361763
1013 0.385417
1005 0.044803
1005 0.022785
1005 0.026332
1005 0.020858
1005 0.024941
1034 0.685890
1034 0.745721
1034 0.593350
1034 0.583702
1034 0.625695
1003 0.506857
1003 0.609524
1003 0.576831
1003 0.593281
1003 0.596523
1036 0.189425
1036 0.251781
1036 0.238179
1036 0.281623
1036 0.374166
1012 0.948433
1012 1.000000
1012 1.000000
1012 0.998720
1012 0.997955
1008 0.293642
1008 0.272414
1008 0.356732
1008 0.317016
1008 0.086275
1037 0.980638
1037 0.967354
1037 0.873425
1037 0.946469
1037 0.943461
1027 0.297312
1027 0.260650
1027 0.253243
1027 0.221159
1027 0.227606
1001 0.145264
1001 0.099825
1001 0.130918
1001 0.127178
1001 0.117987
1011 0.242075
1011 0.219217
1011 0.222741
1011 0.197232
1011 0.172174
1032 0.775336
1032 0.897934
1032 0.686190
1032 0.845494
1032 0.682896
1029 0.264905
1029 0.254473
1029 0.560182
1029 0.568754
1029 0.656508
1033 0.068944
1033 0.151780
1033 0.107351
1033 0.162162
1033 0.124927
1002 0.326074
1002 0.141751
1002 0.150563
1002 0.167870
1002 0.126946
1030 0.640676
1030 0.608583
1030 0.576801
1030 0.569926
1030 0.618397
1035 0.523447
1035 0.584706
1035 0.575527
1035 0.693652
1035 0.691202
1038 0.626287
1038 0.687424
1038 0.688594
1038 0.602879
1038 0.626328
1028 0.529342
1028 0.881148
1028 0.958235
1028 0.215533
1028 0.308343
1004 0.184165
1004 0.145507
1004 0.123843
1004 0.173364
1004 0.153055
1009 0.521965
1009 0.549238
1009 0.515625
1009 0.584615
1009 0.461361
1010 0.706453
1010 0.598847
1010 0.611303
1010 0.637648
1010 0.586823
1006 0.415541
1006 0.347875
1006 0.429134
1006 0.467222
1006 0.425197
1039 0.648045
1039 0.714527
1039 0.652614
1039 0.640068
1039 0.616770
1007 0.603012
1007 0.662252
1007 0.691159
1007 0.593731
1007 0.572892
1031 0.395122
1031 0.403563
1031 0.491033
1031 0.531537
1031 0.550152
1013 0.451462
1013 0.403509
1013 0.517365
1013 0.503597
1013 0.430178
1005 0.040890
1005 0.040640
1005 0.048280
1005 0.032491
1005 0.027528
1034 0.821319
1034 0.753959
1034 0.725348
1034 0.567380
1034 0.705120
1003 0.635814
1003 0.690276
1003 0.691343
1003 0.661493
1003 0.670666
1036 0.719489
1036 0.788862
1036 0.845088
1036 0.823058
1036 0.788162
1012 0.132431
1012 0.095489
1012 0.084344
1012 0.073555
1012 0.096607
1008 0.250873
1008 0.203016
1008 0.200583
1008 0.159812
1008 0.167145
1037 0.750720
1037 0.888952
1037 0.796902
1037 0.831609
1037 0.766913
1027 0.525552
1027 0.584507
1027 0.554920
1027 0.575071
1027 0.542450
1001 0.121909
1001 0.127241
1001 0.120860
1001 0.125000
1001 0.113968
1011 0.445568
1011 0.250450
1011 0.211064
1011 0.140446
1011 0.221090
1032 0.718487
1032 0.778708
1032 0.663642
1032 0.684051
1032 0.736650
1029 0.114659
1029 0.103577
1029 0.092683
1029 0.066897
1029 0.128634
1033 0.238594
1033 0.170950
1033 0.169249
1033 0.183141
1033 0.211808
1002 0.052263
1002 0.104154
1002 0.120292
1002 0.110706
1002 0.068311
1030 0.199870
1030 0.208169
1030 0.223467
1030 0.150622
1030 0.182570
1035 0.005952
1035 0.007971
1035 0.008677
1035 0.005975
1035 0.003571
1038 0.273885
1038 0.257143
1038 0.225111
1038 0.257413
1038 0.239322
1028 0.017403
1028 0.017976
1028 0.021520
1028 0.020284
1028 0.013352
1004 0.091270
1004 0.116172
1004 0.120577
1004 0.146488
1004 0.134426
1009 0.086758
1009 0.081806
1009 0.060881
1009 0.086501
1009 0.077483
1010 0.066163
1010 0.059286
1010 0.078313
1010 0.094465
1010 0.076647
1006 0.072185
1006 0.072314
1006 0.064450
1006 0.065798
1006 0.070403
1039 0.072840
1039 0.065164
1039 0.071903
1039 0.061372
1039 0.078980
1007 0.018006
1007 0.021332
1007 0.021512
1007 0.026161
1007 0.015727
1031 0.191683
1031 0.208473
1031 0.143318
1031 0.170143
1031 0.156290
1013 0.134328
1013 0.105866
1013 0.053908
1013 0.057510
1013 0.101284
1005 0.156909
1005 0.122203
1005 0.142045
1005 0.151183
1005 0.173168
1034 0.146032
1034 0.159109
1034 0.188706
1034 0.206514
1034 0.203731
1003 0.160401
1003 0.178462
1003 0.189290
1003 0.206064
1003 0.183661
1036 0.038235
1036 0.046715
1036 0.060517
1036 0.053091
1036 0.040609
1012 0.694337
1012 0.615753
1012 0.697784
1012 0.696220
1012 0.693676
1008 0.048125
1008 0.040273
1008 0.056081
1008 0.058971
1008 0.059766
1037 0.066709
1037 0.044192
1037 0.049592
1037 0.043451
1037 0.073889
1027 0.202173
1027 0.235787
1027 0.263092
1027 0.242079
1027 0.206854
1001 0.479078
1001 0.486171
1001 0.496000
1001 0.469016
1001 0.477008
1011 0.120158
1011 0.100620
1011 0.086721
1011 0.081605
1011 0.109912
1032 0.118071
1032 0.110776
1032 0.148618
1032 0.147212
1032 0.090247
1029 0.080315
1029 0.061901
1029 0.073746
1029 0.058783
1029 0.080251
1033 0.094833
1033 0.086675
1033 0.081633
1033 0.189750
1033 0.095269
1002 0.051746
1002 0.059184
1002 0.064883
1002 0.073754
1002 0.078751
1030 0.075400
1030 0.062733
1030 0.075188
1030 0.091686
1030 0.082251
1035 0.001484
1035 0.007199
1035 0.004940
1035 0.002801
1035 0.008374
1038 0.080842
1038 0.095078
1038 0.076716
1038 0.078104
1038 0.077270
1028 0.022611
1028 0.013396
1028 0.040307
1028 0.026247
1028 0.012287
1004 0.059147
1004 0.047553
1004 0.070500
1004 0.057024
1004 0.088633
1009 0.035877
1009 0.033487
1009 0.041580
1009 0.048697
1009 0.056026
1010 0.048201
1010 0.045132
1010 0.047213
1010 0.049641
1010 0.041694
1006 0.015823
1006 0.015183
1006 0.022652
1006 0.023665
1006 0.053476
1039 0.030135
1039 0.034140
1039 0.048280
1039 0.029132
1039 0.029077
1007 0.045007
1007 0.067893
1007 0.048971
1007 0.045230
1007 0.038055
1031 0.117816
1031 0.171171
1031 0.170501
1031 0.132705
1031 0.127260
1013 0.010007
1013 0.006061
1013 0.017332
1013 0.027027
1013 0.008972
1005 0.061224
1005 0.051059
1005 0.052733
1005 0.053616
1005 0.064161
1034 0.094109
1034 0.094543
1034 0.124718
1034 0.130536
1034 0.123928
1003 0.047009
1003 0.055716
1003 0.088670
1003 0.070872
1003 0.087176
1036 0.114583
1036 0.241236
1036 0.135540
1036 0.181597
1036 0.182042
1012 0.756959
1012 0.748656
1012 0.901389
1012 0.888514
1012 0.824561
1008 0.037772
1008 0.022096
1008 0.022099
1008 0.041640
1008 0.018076
1037 0.064452
1037 0.035503
1037 0.040158
1037 0.041612
1037 0.036554
1027 0.051476
1027 0.065982
1027 0.050333
1027 0.053363
1027 0.052554
1001 0.429382
1001 0.403687
1001 0.406468
1001 0.409878
1001 0.472346
1011 0.051836
1011 0.057059
1011 0.092219
1011 0.058197
1011 0.068917
1032 0.089753
1032 0.109158
1032 0.103169
1032 0.095026
1032 0.083650
1029 0.090040
1029 0.090841
1029 0.067849
1029 0.090643
1029 0.058502
1033 0.189882
1033 0.276840
1033 0.208072
1033 0.216811
1033 0.204178
1002 0.134538
1002 0.127687
1002 0.160478
1002 0.181761
1002 0.141388
1030 0.070008
1030 0.098270
1030 0.069466
1030 0.089564
1030 0.086518
1035 0.002299
1035 0.002913
1035 0.008942
1035 0.000743
1035 0.002283
1038 0.107742
1038 0.105029
1038 0.112811
1038 0.134185
1038 0.133750
1028 0.019737
1028 0.010596
1028 0.013487
1028 0.032302
1028 0.019380
1004 0.153101
1004 0.110884
1004 0.140461
1004 0.153955
1004 0.157748
1009 0.110145
1009 0.114253
1009 0.150685
1009 0.147766
1009 0.097279
1010 0.053514
1010 0.079524
1010 0.034351
1010 0.044832
1010 0.059412
1006 0.037812
1006 0.043926
1006 0.034899
1006 0.026649
1006 0.036839
1039 0.063512
1039 0.066625
1039 0.049751
1039 0.036547
1039 0.033909
1007 0.070588
1007 0.062987
1007 0.126871
1007 0.077727
1007 0.109164
1031 0.300390
1031 0.289883
1031 0.254699
1031 0.262029
1031 0.256494
1013 0.111324
1013 0.155869
1013 0.181876
1013 0.181113
1013 0.210427
1005 0.086412
1005 0.065852
1005 0.086870
1005 0.096962
1005 0.092369
1034 0.137429
1034 0.144578
1034 0.115356
1034 0.181754
1034 0.216526
1003 0.055480
1003 0.064494
1003 0.088693
1003 0.094237
1003 0.099272
1036 0.068887
1036 0.040860
1036 0.077030
1036 0.072314
1036 0.037830
1012 0.728643
1012 0.797061
1012 0.795707
1012 0.854638
1012 0.849682
1008 0.016833
1008 0.013631
1008 0.016886
1008 0.016250
1008 0.022402
1037 0.046834
1037 0.031851
1037 0.052767
1037 0.046976
1037 0.042486
1027 0.042213
1027 0.057185
1027 0.059524
1027 0.052672
1027 0.058507
1001 0.353153
1001 0.464351
1001 0.476277
1001 0.462985
1001 0.515284
1011 0.212613
1011 0.241778
1011 0.251969
1011 0.199877
1011 0.241692
1032 0.075939
1032 0.083904
1032 0.095844
1032 0.114943
1032 0.090121
1029 0.096045
1029 0.082014
1029 0.060383
1029 0.048956
1029 0.076677
1033 0.109195
1033 0.096334
1033 0.098095
1033 0.092904
1033 0.103814
1002 0.012167
1002 0.013846
1002 0.016884
1002 0.012706
1002 0.012442
1030 0.032357
1030 0.049280
1030 0.068200
1030 0.070148
1030 0.069699
1035 0.002101
1035 0.006662
1035 0.007954
1035 0.011756
1035 0.008023
1038 0.091203
1038 0.099869
1038 0.107330
1038 0.089447
1038 0.089986
1028 0.018433
1028 0.021911
1028 0.055006
1028 0.056426
1028 0.015333
1004 0.143662
1004 0.182126
1004 0.128799
1004 0.099707
1004 0.117990
1009 0.117197
1009 0.093823
1009 0.146341
1009 0.147956
1009 0.167045
1010 0.053536
1010 0.053691
1010 0.092980
1010 0.070752
1010 0.104869
1006 0.052427
1006 0.073480
1006 0.063525
1006 0.061305
1006 0.048924
1039 0.046875
1039 0.034526
1039 0.043848
1039 0.054614
1039 0.039752
1007 0.051852
1007 0.036184
1007 0.013405
1007 0.034460
1007 0.027476
1031 0.059571
1031 0.039382
1031 0.052321
1031 0.077030
1031 0.069225
1013 0.153846
1013 0.139504
1013 0.112143
1013 0.101601
1013 0.092764
1005 0.059603
1005 0.051511
1005 0.063418
1005 0.059823
1005 0.052452
1034 0.122628
1034 0.185992
1034 0.172977
1034 0.122546
1034 0.146601
1003 0.056971
1003 0.055172
1003 0.081800
1003 0.056564
1003 0.074982
1036 0.072574
1036 0.036135
1036 0.038492
1036 0.051546
1036 0.078255
1012 0.681471
1012 0.734266
1012 0.770308
1012 0.763331
1012 0.814246
1008 0.025129
1008 0.033910
1008 0.024104
1008 0.023576
1008 0.016183
1037 0.039552
1037 0.065231
1037 0.051574
1037 0.053465
1037 0.062025
1027 0.066514
1027 0.071693
1027 0.068524
1027 0.062312
1027 0.062172
1001 0.264303
1001 0.245271
1001 0.296110
1001 0.246057
1001 0.218902
1011 0.074099
1011 0.062907
1011 0.075472
1011 0.081647
1011 0.082916
1032 0.080287
1032 0.086754
1032 0.070000
1032 0.098784
1032 0.072486
1029 0.203325
1029 0.208492
1029 0.244389
1029 0.168236
1029 0.248691
1033 0.086895
1033 0.089708
1033 0.097493
1033 0.127465
1033 0.108051
1002 0.077146
1002 0.076125
1002 0.064103
1002 0.051822
1002 0.069444
1030 0.031511
1030 0.016456
1030 0.025674
1030 0.043906
1030 0.028571
1035 0.007956
1035 0.011400
1035 0.012547
1035 0.014879
1035 0.007056
1038 0.055623
1038 0.047847
1038 0.080357
1038 0.049877
1038 0.035387
1028 0.071687
1028 0.047591
1028 0.054945
1028 0.064653
1028 0.060479
1004 0.325364
1004 0.249412
1004 0.264327
1004 0.254462
1004 0.291739
1009 0.031555
1009 0.047045
1009 0.047025
1009 0.042286
1009 0.042480
1010 0.091371
1010 0.085131
1010 0.044776
1010 0.063698
1010 0.097672
1006 0.143251
1006 0.089395
1006 0.073389
1006 0.086981
1006 0.099054
1039 0.154203
1039 0.134337
1039 0.111633
1039 0.112587
1039 0.088993
1007 0.035605
1007 0.016886
1007 0.018148
1007 0.022685
1007 0.025000
1031 0.127261
1031 0.081900
1031 0.077139
1031 0.049340
1031 0.081301
1013 0.070574
1013 0.069781
1013 0.076246
1013 0.068845
1013 0.078512
1005 0.024831
1005 0.032806
1005 0.029429
1005 0.036452
1005 0.032334
1034 0.039158
1034 0.046127
1034 0.050678
1034 0.059552
1034 0.056113
1003 0.133863
1003 0.111869
1003 0.072607
1003 0.072596
1003 0.076248
1036 0.040257
1036 0.033839
1036 0.047591
1036 0.035037
1036 0.024662
1012 0.401961
1012 0.451878
1012 0.445819
1012 0.467868
1012 0.515452
1008 0.038201
1008 0.031591
1008 0.028016
1008 0.031126
1008 0.025626
1037 0.147647
1037 0.108905
1037 0.123929
1037 0.111876
1037 0.055936
1027 0.085981
1027 0.073678
1027 0.098742
1027 0.070581
1027 0.075092
1001 0.051235
1001 0.078611
1001 0.066789
1001 0.061520
1001 0.045427
1011 0.021591
1011 0.011416
1011 0.019752
1011 0.018825
1011 0.019529
1032 0.115693
1032 0.078512
1032 0.110917
1032 0.092625
1032 0.194203
1029 0.067001
1029 0.072761
1029 0.087037
1029 0.047259
1029 0.056728
1033 0.070312
1033 0.089601
1033 0.094750
1033 0.076873
1033 0.108344
1002 0.091419
1002 0.130509
1002 0.129032
1002 0.098779
1002 0.088186
1030 0.042022
1030 0.067087
1030 0.083333
1030 0.082995
1030 0.078902
1035 0.025907
1035 0.025761
1035 0.032295
1035 0.041788
1035 0.030040
1038 0.047226
1038 0.106706
1038 0.137631
1038 0.103188
1038 0.145047
1028 0.076834
1028 0.061765
1028 0.089606
1028 0.061296
1028 0.046334
1004 0.346581
1004 0.302029
1004 0.291739
1004 0.344788
1004 0.351630
1009 0.070661
1009 0.062002
1009 0.066176
1009 0.042213
1009 0.046551
1010 0.133333
1010 0.100397
1010 0.104308
1010 0.109527
1010 0.103252
1006 0.103410
1006 0.086351
1006 0.117882
1006 0.090807
1006 0.133106
1039 0.160592
1039 0.112064
1039 0.101033
1039 0.115584
1039 0.108496
1007 0.043587
1007 0.049813
1007 0.021848
1007 0.019030
1007 0.029484
1031 0.089752
1031 0.189257
1031 0.150063
1031 0.146497
1031 0.129845
1013 0.129534
1013 0.170040
1013 0.114102
1013 0.129771
1013 0.121053
1005 0.081712
1005 0.109121
1005 0.127660
1005 0.121365
1005 0.110674
1034 0.019406
1034 0.026997
1034 0.034561
1034 0.033695
1034 0.030097
1003 0.096314
1003 0.131829
1003 0.135533
1003 0.088652
1003 0.120648
1036 0.061122
1036 0.055975
1036 0.040323
1036 0.050932
1036 0.046765
1012 0.389934
1012 0.385045
1012 0.346067
1012 0.335221
1012 0.339581
1008 0.024225
1008 0.025989
1008 0.019608
1008 0.024622
1008 0.026331
1037 0.148231
1037 0.140528
1037 0.139326
1037 0.142697
1037 0.149602
1027 0.102357
1027 0.067036
1027 0.066667
1027 0.077355
1027 0.067998
1001 0.066629
1001 0.078143
1001 0.100057
1001 0.086483
1001 0.102740
1011 0.077229
1011 0.087128
1011 0.091883
1011 0.105646
1011 0.107805
1032 0.097576
1032 0.108091
1032 0.114865
1032 0.137092
1032 0.100835
1029 0.124607
1029 0.127728
1029 0.113811
1029 0.108848
1029 0.139963
1033 0.072009
1033 0.069988
1033 0.078631
1033 0.132884
1033 0.111940
1002 0.074097
1002 0.072551
1002 0.091905
1002 0.074074
1002 0.087139
1030 0.097281
1030 0.083979
1030 0.093543
1030 0.075438
1030 0.064536
1035 0.025862
1035 0.029651
1035 0.026102
1035 0.028487
1035 0.027550
1038 0.112751
1038 0.165673
1038 0.185319
1038 0.099408
1038 0.126347
1028 0.056398
1028 0.047281
1028 0.055819
1028 0.048455
1028 0.063675
1004 0.410765
1004 0.400112
1004 0.463469
1004 0.473625
1004 0.509275
1009 0.040210
1009 0.059195
1009 0.086268
1009 0.046249
1009 0.060792
1010 0.123233
1010 0.096165
1010 0.095078
1010 0.116942
1010 0.116279
1006 0.149030
1006 0.120891
1006 0.078246
1006 0.103889
1006 0.073225
1039 0.125217
1039 0.073086
1039 0.083773
1039 0.101900
1039 0.105233
1007 0.050248
1007 0.033660
1007 0.033784
1007 0.020744
1007 0.029933
1031 0.191887
1031 0.147810
1031 0.125464
1031 0.117117
1031 0.129766
1013 0.038438
1013 0.097156
1013 0.036714
1013 0.041375
1013 0.133840
1005 0.067077
1005 0.081736
1005 0.074972
1005 0.063973
1005 0.078187
1034 0.061398
1034 0.075414
1034 0.079684
1034 0.076208
1034 0.056329
1003 0.086667
1003 0.044216
1003 0.075904
1003 0.048738
1003 0.047847
1036 0.074527
1036 0.055856
1036 0.061836
1036 0.071263
1036 0.048122
1012 0.228875
1012 0.285878
1012 0.328588
1012 0.285635
1012 0.334886
1008 0.031250
1008 0.031408
1008 0.022124
1008 0.025182
1008 0.056370
1037 0.248636
1037 0.151914
1037 0.131030
1037 0.101825
1037 0.189189
1027 0.040635
1027 0.037251
1027 0.040973
1027 0.046814
1027 0.050955
1001 0.406398
1001 0.400000
1001 0.379651
1001 0.357545
1001 0.395280
1011 0.100622
1011 0.119328
1011 0.115789
1011 0.078081
1011 0.115471
1032 0.176136
1032 0.122487
1032 0.138695
1032 0.093452
1032 0.229358
1029 0.133333
1029 0.088624
1029 0.116793
1029 0.119696
1029 0.127307
1033 0.052838
1033 0.062262
1033 0.070219
1033 0.069031
1033 0.068167
1002 0.095922
1002 0.084629
1002 0.129587
1002 0.107788
1002 0.054317
1030 0.085491
1030 0.074879
1030 0.078576
1030 0.072437
1030 0.049390
1035 0.020161
1035 0.029121
1035 0.024362
1035 0.021403
1035 0.025552
1038 0.111046
1038 0.138873
1038 0.131868
1038 0.121354
1038 0.175209
1028 0.053230
1028 0.044991
1028 0.077286
1028 0.078806
1028 0.046784
1004 0.454120
1004 0.372727
1004 0.281053
1004 0.312607
1004 0.353846
1009 0.071903
1009 0.092127
1009 0.064535
1009 0.076880
1009 0.093960
1010 0.101531
1010 0.121729
1010 0.130435
1010 0.120720
1010 0.120990
1006 0.145598
1006 0.140045
1006 0.166292
1006 0.169006
1006 0.140192
1039 0.100917
1039 0.124927
1039 0.071306
1039 0.095597
1039 0.078534
1007 0.013119
1007 0.012255
1007 0.015480
1007 0.025958
1007 0.026708
1031 0.117686
1031 0.081879
1031 0.091459
1031 0.090847
1031 0.062158
1013 0.101340
1013 0.093880
1013 0.099648
1013 0.121739
1013 0.176166
1005 0.074403
1005 0.074803
1005 0.076281
1005 0.064370
1005 0.071469
1034 0.029265
1034 0.077213
1034 0.067754
1034 0.065286
1034 0.050524
1003 0.124622
1003 0.123105
1003 0.074572
1003 0.081325
1003 0.113402
1036 0.073429
1036 0.040280
1036 0.046389
1036 0.056777
1036 0.042794
1012 0.285472
1012 0.398080
1012 0.368330
1012 0.350948
1012 0.319366
1008 0.047592
1008 0.030405
1008 0.021191
1008 0.032511
1008 0.026674
1037 0.203349
1037 0.100117
1037 0.117273
1037 0.113807
1037 0.153982
1027 0.174537
1027 0.166360
1027 0.173834
1027 0.140481
1027 0.168719
1001 0.360324
1001 0.285714
1001 0.296018
1001 0.244804
1001 0.265165
1011 0.082145
1011 0.091643
1011 0.065167
1011 0.090960
1011 0.082905
1032 0.134375
1032 0.151534
1032 0.150249
1032 0.176030
1032 0.133538
1029 0.086551
1029 0.111404
1029 0.106120
1029 0.085065
1029 0.121314
1033 0.108911
1033 0.072559
1033 0.105332
1033 0.090443
1033 0.095494
