1003 0.000000
1003 0.000000
1003 0.007051
1003 0.006544
1003 0.007113
1031 0.000000
1031 0.000000
1031 0.001879
1031 0.008642
1031 0.001234
1036 0.000000
1036 0.000000
1036 0.000000
1036 0.000000
1036 0.002919
1039 0.000000
1039 0.000000
1039 0.000000
1039 0.000000
1039 0.000000
1029 0.035627
1029 0.000599
1029 0.000000
1029 0.001215
1029 0.000000
1005 0.000000
1005 0.000000
1005 0.000000
1005 0.000000
1005 0.000000
1010 0.000000
1010 0.000000
1010 0.000000
1010 0.000000
1010 0.000000
1011 0.000000
1011 0.000000
1011 0.000591
1011 0.016773
1011 0.011521
1007 0.000000
1007 0.000000
1007 0.000561
1007 0.000000
1007 0.000000
1027 0.000000
1027 0.000000
1027 0.000000
1027 0.000000
1027 0.000000
1008 0.000000
1008 0.000000
1008 0.000000
1008 0.000000
1008 0.000000
1032 0.000000
1032 0.000000
1032 0.000000
1032 0.000000
1032 0.000000
1001 0.000000
1001 0.002317
1001 0.005220
1001 0.004659
1001 0.003534
1006 0.006340
1006 0.000573
1006 0.000000
1006 0.000000
1006 0.009201
1035 0.001933
1035 0.000000
1035 0.010263
1035 0.000000
1035 0.000000
1004 0.000000
1004 0.000000
1004 0.000000
1004 0.000000
1004 0.000000
1037 0.000000
1037 0.000000
1037 0.000000
1037 0.000000
1037 0.003191
1013 0.000000
1013 0.000000
1013 0.000000
1013 0.000653
1013 0.000000
1009 0.000000
1009 0.002927
1009 0.000591
1009 0.002347
1009 0.003531
1038 0.000000
1038 0.000000
1038 0.002879
1038 0.000000
1038 0.000000
1028 0.000586
1028 0.000000
1028 0.000000
1028 0.000000
1028 0.000000
1002 0.000000
1002 0.000000
1002 0.000000
1002 0.000000
1002 0.000000
1012 0.005383
1012 0.000590
1012 0.001177
1012 0.000577
1012 0.000000
1033 0.000000
1033 0.000000
1033 0.000000
1033 0.000000
1033 0.004884
1030 0.082557
1030 0.026161
1030 0.048246
1030 0.045797
1030 0.115360
1034 0.002710
1034 0.000000
1034 0.000000
1034 0.000000
1034 0.001900
1004 0.005821
1004 0.004673
1004 0.004645
1004 0.002548
1004 0.004450
1032 0.000000
1032 0.001900
1032 0.000623
1032 0.000617
1032 0.000000
1037 0.009056
1037 0.003149
1037 0.006683
1037 0.007733
1037 0.021991
1027 0.002992
1027 0.000589
1027 0.000585
1027 0.001172
1027 0.000000
1030 0.046209
1030 0.093640
1030 0.054277
1030 0.068031
1030 0.116322
1006 0.002304
1006 0.002875
1006 0.007429
1006 0.003425
1006 0.011390
1011 0.004182
1011 0.004731
1011 0.009259
1011 0.017837
1011 0.000595
1012 0.006920
1012 0.001736
1012 0.005196
1012 0.006410
1012 0.005205
1008 0.000000
1008 0.000000
1008 0.002815
1008 0.000568
1008 0.001130
1028 0.000578
1028 0.000575
1028 0.000580
1028 0.006307
1028 0.008051
1009 0.005471
1009 0.006619
1009 0.008373
1009 0.008388
1009 0.011515
1033 0.030864
1033 0.049611
1033 0.037702
1033 0.037282
1033 0.092923
1002 0.034071
1002 0.026190
1002 0.040313
1002 0.029499
1002 0.013553
1007 0.031138
1007 0.023529
1007 0.032980
1007 0.027389
1007 0.034726
1036 0.011765
1036 0.000644
1036 0.001294
1036 0.001963
1036 0.020744
1005 0.018296
1005 0.022701
1005 0.023282
1005 0.026196
1005 0.021481
1038 0.022438
1038 0.018125
1038 0.020283
1038 0.024615
1038 0.030625
1001 0.008441
1001 0.013521
1001 0.012929
1001 0.020797
1001 0.014714
1010 0.076474
1010 0.091173
1010 0.079723
1010 0.075581
1010 0.083480
1039 0.016451
1039 0.004684
1039 0.005275
1039 0.009259
1039 0.006336
1029 0.027460
1029 0.022689
1029 0.015297
1029 0.027539
1029 0.029545
1003 0.045201
1003 0.040268
1003 0.043820
1003 0.038786
1003 0.046667
1013 0.004077
1013 0.011343
1013 0.005767
1013 0.009384
1013 0.017231
1034 0.029589
1034 0.031306
1034 0.045646
1034 0.032082
1034 0.032867
1031 0.022383
1031 0.045925
1031 0.006052
1031 0.003333
1031 0.005698
1035 0.001820
1035 0.002421
1035 0.007299
1035 0.005481
1035 0.011794
1005 0.020059
1005 0.024334
1005 0.022209
1005 0.020361
1005 0.019053
1033 0.007157
1033 0.019987
1033 0.018158
1033 0.018030
1033 0.014332
1038 0.002917
1038 0.001164
1038 0.000579
1038 0.007554
1038 0.001159
1028 0.002921
1028 0.005251
1028 0.006311
1028 0.002907
1028 0.002900
1031 0.068777
1031 0.050996
1031 0.026471
1031 0.021675
1031 0.038325
1007 0.011183
1007 0.009445
1007 0.015267
1007 0.007084
1007 0.005862
1012 0.001173
1012 0.004714
1012 0.002324
1012 0.001761
1012 0.000597
1013 0.056122
1013 0.054841
1013 0.039116
1013 0.030454
1013 0.043059
1009 0.010303
1009 0.003398
1009 0.010626
1009 0.007320
1009 0.005073
1029 0.009004
1029 0.001149
1029 0.003977
1029 0.005122
1029 0.002865
1010 0.076737
1010 0.069658
1010 0.045648
1010 0.066548
1010 0.077914
1034 0.052097
1034 0.026725
1034 0.036070
1034 0.034525
1034 0.050963
1003 0.001776
1003 0.003534
1003 0.008736
1003 0.011534
1003 0.005291
1008 0.013333
1008 0.009434
1008 0.013111
1008 0.008226
1008 0.017381
1037 0.025413
1037 0.030303
1037 0.022642
1037 0.018069
1037 0.019988
1006 0.006046
1006 0.002987
1006 0.002370
1006 0.000595
1006 0.001186
1039 0.006647
1039 0.011432
1039 0.001802
1039 0.006667
1039 0.000000
1002 0.000000
1002 0.000000
1002 0.000000
1002 0.000000
1002 0.000000
1011 0.028406
1011 0.043658
1011 0.028136
1011 0.044658
1011 0.039564
1027 0.000000
1027 0.000571
1027 0.005727
1027 0.005714
1027 0.005724
1030 0.016882
1030 0.015186
1030 0.014021
1030 0.012436
1030 0.010164
1004 0.037725
1004 0.032768
1004 0.029842
1004 0.037625
1004 0.031792
1001 0.008102
1001 0.007558
1001 0.015513
1001 0.010526
1001 0.010137
1035 0.059102
1035 0.061335
1035 0.077859
1035 0.070079
1035 0.060256
1032 0.042945
1032 0.019424
1032 0.006631
1032 0.010349
1032 0.070482
1036 0.064458
1036 0.051056
1036 0.043328
1036 0.051903
1036 0.058038
1006 0.010682
1006 0.037747
1006 0.037081
1006 0.057876
1006 0.059747
1034 0.046302
1034 0.063763
1034 0.129699
1034 0.094006
1034 0.052404
1039 0.000582
1039 0.000000
1039 0.000000
1039 0.000000
1039 0.000000
1029 0.031877
1029 0.031344
1029 0.045317
1029 0.036288
1029 0.052169
1032 0.067177
1032 0.041543
1032 0.051571
1032 0.037747
1032 0.049790
1008 0.016129
1008 0.009815
1008 0.006957
1008 0.012615
1008 0.011939
1013 0.019722
1013 0.034282
1013 0.010496
1013 0.004687
1013 0.014510
1001 0.049601
1001 0.053082
1001 0.033485
1001 0.049689
1001 0.055051
1010 0.008484
1010 0.008432
1010 0.010656
1010 0.019553
1010 0.018508
1030 0.014444
1030 0.021348
1030 0.018571
1030 0.030165
1030 0.025267
1011 0.044525
1011 0.037644
1011 0.024053
1011 0.032220
1011 0.028502
1035 0.006090
1035 0.011036
1035 0.028657
1035 0.016024
1035 0.006207
1004 0.003478
1004 0.001761
1004 0.002322
1004 0.002353
1004 0.004135
1009 0.012813
1009 0.028273
1009 0.037260
1009 0.016275
1009 0.033760
1038 0.004400
1038 0.001223
1038 0.003058
1038 0.002457
1038 0.004917
1007 0.009535
1007 0.009484
1007 0.010909
1007 0.010922
1007 0.007683
1027 0.011097
1027 0.003083
1027 0.001249
1027 0.000000
1027 0.006927
1003 0.026916
1003 0.045508
1003 0.026916
1003 0.041056
1003 0.055491
1012 0.009195
1012 0.007598
1012 0.007450
1012 0.006997
1012 0.009742
1028 0.033830
1028 0.035342
1028 0.031854
1028 0.035368
1028 0.034758
1031 0.009687
1031 0.017311
1031 0.012118
1031 0.009324
1031 0.016083
1005 0.016910
1005 0.019287
1005 0.022119
1005 0.016403
1005 0.016989
1002 0.068345
1002 0.053114
1002 0.054885
1002 0.048445
1002 0.043024
1036 0.004711
1036 0.005396
1036 0.006494
1036 0.024435
1036 0.001808
1033 0.029748
1033 0.021690
1033 0.044412
1033 0.050255
1033 0.039387
1037 0.005556
1037 0.007164
1037 0.004174
1037 0.007903
1037 0.006039
1007 0.022773
1007 0.013109
1007 0.027127
1007 0.022670
1007 0.019169
1035 0.013236
1035 0.020288
1035 0.019846
1035 0.025524
1035 0.005848
1027 0.007468
1027 0.032477
1027 0.017480
1027 0.015498
1027 0.021674
1030 0.017715
1030 0.034891
1030 0.030090
1030 0.030928
1030 0.028320
1033 0.033647
1033 0.037915
1033 0.044867
1033 0.045812
1033 0.096845
1009 0.024503
1009 0.013123
1009 0.018686
1009 0.016960
1009 0.022656
1001 0.070681
1001 0.061404
1001 0.054902
1001 0.058862
1001 0.052459
1002 0.051479
1002 0.056649
1002 0.059074
1002 0.061728
1002 0.039333
1011 0.019580
1011 0.038808
1011 0.021350
1011 0.017088
1011 0.014483
1031 0.052567
1031 0.054890
1031 0.057143
1031 0.068053
1031 0.061354
1012 0.174905
1012 0.177015
1012 0.176084
1012 0.145442
1012 0.187500
1036 0.035193
1036 0.046989
1036 0.029024
1036 0.050331
1036 0.054915
1005 0.061794
1005 0.018084
1005 0.033265
1005 0.028098
1005 0.048218
1010 0.030654
1010 0.039632
1010 0.048378
1010 0.041594
1010 0.043628
1039 0.022490
1039 0.028358
1039 0.022838
1039 0.025365
1039 0.027946
1008 0.023839
1008 0.021834
1008 0.006575
1008 0.011585
1008 0.025949
1028 0.011429
1028 0.009658
1028 0.008621
1028 0.011013
1028 0.028610
1004 0.006653
1004 0.003541
1004 0.001343
1004 0.002123
1004 0.000000
1013 0.047006
1013 0.036008
1013 0.044402
1013 0.031975
1013 0.048906
1029 0.029525
1029 0.037244
1029 0.030303
1029 0.034926
1029 0.028644
1032 0.025401
1032 0.052457
1032 0.036939
1032 0.034211
1032 0.024005
1006 0.006169
1006 0.003641
1006 0.000606
1006 0.001232
1006 0.001188
1003 0.008844
1003 0.009960
1003 0.009028
1003 0.010997
1003 0.009589
1037 0.057164
1037 0.041973
1037 0.036258
1037 0.028860
1037 0.036842
1034 0.038251
1034 0.043892
1034 0.087989
1034 0.038569
1034 0.059151
1038 0.023810
1038 0.030656
1038 0.035561
1038 0.021327
1038 0.067387
1008 0.017772
1008 0.016319
1008 0.027742
1008 0.028008
1008 0.020939
1036 0.028997
1036 0.026480
1036 0.028712
1036 0.027090
1036 0.020882
1028 0.031433
1028 0.025622
1028 0.032904
1028 0.032472
1028 0.029099
1031 0.044837
1031 0.033445
1031 0.037660
1031 0.040613
1031 0.031880
1034 0.189443
1034 0.184868
1034 0.194702
1034 0.108442
1034 0.120819
1010 0.077028
1010 0.072752
1010 0.078404
1010 0.076552
1010 0.065068
1002 0.020874
1002 0.011873
1002 0.031767
1002 0.023458
1002 0.012541
1003 0.034891
1003 0.041774
1003 0.041158
1003 0.046787
1003 0.026975
1012 0.236264
1012 0.213181
1012 0.226833
1012 0.233010
1012 0.212080
1032 0.046261
1032 0.044665
1032 0.046569
1032 0.043130
1032 0.039586
1013 0.048606
1013 0.022405
1013 0.027428
1013 0.018643
1013 0.009886
1037 0.047651
1037 0.055046
1037 0.063165
1037 0.031929
1037 0.047024
1006 0.009852
1006 0.010057
1006 0.021930
1006 0.011765
1006 0.011270
1011 0.034018
1011 0.021438
1011 0.028609
1011 0.031068
1011 0.020766
1027 0.015164
1027 0.009992
1027 0.012967
1027 0.007365
1027 0.007776
1009 0.015994
1009 0.014841
1009 0.020041
1009 0.027201
1009 0.032877
1029 0.050378
1029 0.092537
1029 0.060756
1029 0.064015
1029 0.079433
1005 0.041322
1005 0.025929
1005 0.018131
1005 0.015242
1005 0.040028
1001 0.147403
1001 0.097962
1001 0.126743
1001 0.092652
1001 0.079202
1030 0.032601
1030 0.054894
1030 0.055518
1030 0.063104
1030 0.060763
1033 0.058962
1033 0.038700
1033 0.037184
1033 0.038433
1033 0.042601
1007 0.008270
1007 0.009566
1007 0.010842
1007 0.014447
1007 0.014058
1004 0.002201
1004 0.003427
1004 0.002928
1004 0.001460
1004 0.000718
1038 0.018032
1038 0.010518
1038 0.021045
1038 0.018532
1038 0.016667
1035 0.000837
1035 0.003203
1035 0.004721
1035 0.003636
1035 0.020153
1039 0.017919
1039 0.023464
1039 0.014905
1039 0.017415
1039 0.018397
1009 0.035904
1009 0.027045
1009 0.024183
1009 0.035398
1009 0.032402
1037 0.018327
1037 0.028916
1037 0.023184
1037 0.022709
1037 0.028458
1029 0.047337
1029 0.054217
1029 0.058511
1029 0.058733
1029 0.057276
1032 0.044177
1032 0.035807
1032 0.028302
1032 0.043758
1032 0.042791
1035 0.016095
1035 0.014019
1035 0.013487
1035 0.010702
1035 0.007644
1011 0.019788
1011 0.022456
1011 0.024176
1011 0.019355
1011 0.013996
1003 0.048128
1003 0.042955
1003 0.047344
1003 0.053664
1003 0.048794
1004 0.029777
1004 0.064919
1004 0.051118
1004 0.038462
1004 0.048101
1013 0.010352
1013 0.007628
1013 0.007539
1013 0.008966
1013 0.014113
1033 0.030266
1033 0.025770
1033 0.023151
1033 0.027795
1033 0.029616
1001 0.080741
1001 0.075374
1001 0.058433
1001 0.053691
1001 0.039456
1038 0.002683
1038 0.010276
1038 0.005096
1038 0.002630
1038 0.005202
1007 0.009609
1007 0.012148
1007 0.007328
1007 0.015454
1007 0.001975
1012 0.252618
1012 0.160346
1012 0.132899
1012 0.199463
1012 0.146944
1028 0.032634
1028 0.023392
1028 0.023443
1028 0.022866
1028 0.021561
1010 0.036913
1010 0.063686
1010 0.077419
1010 0.060026
1010 0.079385
1030 0.067315
1030 0.062640
1030 0.051437
1030 0.049265
1030 0.036613
1006 0.002086
1006 0.000000
1006 0.000000
1006 0.000748
1006 0.000000
1002 0.041431
1002 0.039508
1002 0.049087
1002 0.053416
1002 0.042514
1031 0.087601
1031 0.087417
1031 0.046482
1031 0.041211
1031 0.078273
1034 0.066667
1034 0.122794
1034 0.103421
1034 0.090909
1034 0.112578
1008 0.001223
1008 0.002486
1008 0.001881
1008 0.003738
1008 0.002509
1005 0.042709
1005 0.039180
1005 0.035627
1005 0.033395
1005 0.027728
1039 0.038428
1039 0.054222
1039 0.035953
1039 0.055312
1039 0.036778
1036 0.025729
1036 0.063704
1036 0.042276
1036 0.081690
1036 0.081121
1027 0.018638
1027 0.025754
1027 0.012978
1027 0.010653
1027 0.014738
1010 0.060723
1010 0.050595
1010 0.048586
1010 0.050933
1010 0.043645
1038 0.043571
1038 0.029726
1038 0.025974
1038 0.034509
1038 0.023341
1030 0.036550
1030 0.036470
1030 0.043764
1030 0.043764
1030 0.034282
1033 0.150931
1033 0.134027
1033 0.145957
1033 0.146214
1033 0.094796
1036 0.104636
1036 0.116688
1036 0.096431
1036 0.119705
1036 0.074863
1012 0.041973
1012 0.045796
1012 0.045326
1012 0.041697
1012 0.038376
1004 0.013372
1004 0.012021
1004 0.018100
1004 0.014764
1004 0.008154
1005 0.026104
1005 0.015072
1005 0.013410
1005 0.011936
1005 0.025819
1001 0.075472
1001 0.062670
1001 0.077073
1001 0.069813
1001 0.066238
1034 0.058234
1034 0.062615
1034 0.056854
1034 0.053606
1034 0.078735
1002 0.019231
1002 0.012414
1002 0.009749
1002 0.014735
1002 0.017438
1039 0.008112
1039 0.005174
1039 0.006647
1039 0.015475
1039 0.005418
1008 0.031230
1008 0.024359
1008 0.048829
1008 0.042056
1008 0.041905
1013 0.019828
1013 0.017461
1013 0.023569
1013 0.029066
1013 0.028909
1029 0.032548
1029 0.042213
1029 0.031037
1029 0.037966
1029 0.028125
1011 0.006270
1011 0.026696
1011 0.042324
1011 0.039568
1011 0.023105
1031 0.039816
1031 0.055434
1031 0.053857
1031 0.079529
1031 0.069872
1007 0.008547
1007 0.025157
1007 0.002857
1007 0.000697
1007 0.004965
1003 0.007937
1003 0.014407
1003 0.038436
1003 0.041854
1003 0.009235
1032 0.022727
1032 0.019634
1032 0.019293
1032 0.019974
1032 0.022974
1035 0.005922
1035 0.007925
1035 0.006098
1035 0.006135
1035 0.003089
1009 0.033603
1009 0.006918
1009 0.011912
1009 0.010652
1009 0.008120
1006 0.007179
1006 0.012204
1006 0.010212
1006 0.013053
1006 0.010014
1027 0.006410
1027 0.015536
1027 0.019465
1027 0.022134
1027 0.013910
1037 0.016342
1037 0.010705
1037 0.022756
1037 0.007426
1037 0.012453
1028 0.035201
1028 0.036638
1028 0.019258
1028 0.020950
1028 0.013376
1011 0.042456
1011 0.043771
1011 0.046119
1011 0.042017
1011 0.048268
1039 0.007818
1039 0.005380
1039 0.003947
1039 0.004107
1039 0.003878
1031 0.024421
1031 0.036849
1031 0.026332
1031 0.029709
1031 0.029299
1034 0.024301
1034 0.024677
1034 0.027615
1034 0.025504
1034 0.022303
1037 0.022050
1037 0.019332
1037 0.015205
1037 0.026554
1037 0.020371
1013 0.011641
1013 0.017079
1013 0.012288
1013 0.008636
1013 0.018161
1005 0.038879
1005 0.018044
1005 0.033101
1005 0.034877
1005 0.036782
1006 0.023269
1006 0.022159
1006 0.024166
1006 0.025554
1006 0.025982
1002 0.034521
1002 0.058011
1002 0.046755
1002 0.050307
1002 0.044751
1035 0.012274
1035 0.020384
1035 0.028818
1035 0.019767
1035 0.016890
1003 0.061743
1003 0.063541
1003 0.064615
1003 0.067890
1003 0.062001
1027 0.011796
1027 0.020779
1027 0.009785
1027 0.016393
1027 0.015707
1009 0.013025
1009 0.011263
1009 0.021072
1009 0.019197
1009 0.019918
1001 0.066164
1001 0.087057
1001 0.085997
1001 0.063991
1001 0.065921
1030 0.026132
1030 0.046752
1030 0.041287
1030 0.041818
1030 0.042765
1012 0.068456
1012 0.066320
1012 0.088117
1012 0.077228
1012 0.091417
1032 0.015303
1032 0.046713
1032 0.050926
1032 0.054729
1032 0.049971
1008 0.041424
1008 0.039090
1008 0.021214
1008 0.018801
1008 0.012353
1004 0.102837
1004 0.120139
1004 0.120583
1004 0.121827
1004 0.106001
1033 0.026760
1033 0.026934
1033 0.029429
1033 0.033507
1033 0.021801
1036 0.024799
1036 0.034978
1036 0.019783
1036 0.026701
1036 0.044602
1010 0.044895
1010 0.073538
1010 0.071776
1010 0.039687
1010 0.016980
1007 0.008606
1007 0.014253
1007 0.027778
1007 0.031891
1007 0.010345
1028 0.034243
1028 0.053444
1028 0.054932
1028 0.035119
1028 0.029518
1038 0.027517
1038 0.019720
1038 0.022756
1038 0.022857
1038 0.016297
1029 0.067620
1029 0.069691
1029 0.070019
1029 0.066967
1029 0.093316
1012 0.078781
1012 0.070889
1012 0.080682
1012 0.076043
1012 0.060905
1027 0.046171
1027 0.044937
1027 0.057310
1027 0.046740
1027 0.052329
1032 0.021852
1032 0.019492
1032 0.021289
1032 0.020373
1032 0.022274
1035 0.017351
1035 0.020290
1035 0.014854
1035 0.014741
1035 0.012231
1038 0.023028
1038 0.023145
1038 0.026222
1038 0.019665
1038 0.015411
1001 0.056560
1001 0.049942
1001 0.048443
1001 0.048471
1001 0.037405
1006 0.018354
1006 0.019945
1006 0.044253
1006 0.012936
1006 0.018313
1007 0.069674
1007 0.050144
1007 0.050401
1007 0.040341
1007 0.050633
1003 0.027103
1003 0.045403
1003 0.041550
1003 0.056604
1003 0.057995
1036 0.042245
1036 0.038639
1036 0.036249
1036 0.046226
1036 0.052450
1004 0.073631
1004 0.067443
1004 0.067278
1004 0.061069
1004 0.058564
1028 0.006540
1028 0.011391
1028 0.008706
1028 0.028360
1028 0.017397
1010 0.053992
1010 0.063328
1010 0.080388
1010 0.053143
1010 0.037887
1002 0.044159
1002 0.049272
1002 0.038824
1002 0.033259
1002 0.041503
1031 0.028977
1031 0.035513
1031 0.036869
1031 0.030182
1031 0.048919
1013 0.010107
1013 0.020606
1013 0.023571
1013 0.025565
1013 0.020468
1033 0.074144
1033 0.039048
1033 0.040173
1033 0.036885
1033 0.033431
1009 0.034864
1009 0.012104
1009 0.008065
1009 0.005741
1009 0.014180
1005 0.029596
1005 0.018729
1005 0.022334
1005 0.029725
1005 0.037683
1034 0.024280
1034 0.021047
1034 0.020293
1034 0.024117
1034 0.019830
1037 0.039801
1037 0.060226
1037 0.052533
1037 0.065314
1037 0.048040
1011 0.050114
1011 0.042343
1011 0.042725
1011 0.037185
1011 0.028797
1008 0.068284
1008 0.070391
1008 0.062745
1008 0.063842
1008 0.071510
1029 0.010863
1029 0.026764
1029 0.033919
1029 0.019042
1029 0.015873
1039 0.008980
1039 0.013241
1039 0.008530
1039 0.006285
1039 0.007742
1030 0.037313
1030 0.055834
1030 0.051313
1030 0.103381
1030 0.030132
1013 0.059927
1013 0.040989
1013 0.038507
1013 0.051734
1013 0.047759
1028 0.038854
1028 0.031289
1028 0.035910
1028 0.040532
1028 0.038159
1033 0.029686
1033 0.030197
1033 0.024770
1033 0.034483
1033 0.028488
1036 0.044380
1036 0.057491
1036 0.052941
1036 0.053860
1036 0.069254
1039 0.010922
1039 0.011940
1039 0.012419
1039 0.015272
1039 0.013317
1002 0.035207
1002 0.036932
1002 0.048698
1002 0.038003
1002 0.035775
1007 0.038376
1007 0.027984
1007 0.052602
1007 0.039093
1007 0.057778
1008 0.016821
1008 0.017988
1008 0.019898
1008 0.016590
1008 0.015499
1004 0.098615
1004 0.073702
1004 0.059511
1004 0.063510
1004 0.079690
1037 0.018911
1037 0.013793
1037 0.009169
1037 0.009731
1037 0.019153
1005 0.012446
1005 0.015635
1005 0.018193
1005 0.015403
1005 0.025146
1029 0.025757
1029 0.036188
1029 0.027692
1029 0.023143
1029 0.017610
1011 0.048387
1011 0.077204
1011 0.065684
1011 0.048982
1011 0.051267
1003 0.054114
1003 0.049107
1003 0.046589
1003 0.041783
1003 0.048631
1032 0.028829
1032 0.046313
1032 0.035431
1032 0.039780
1032 0.064555
1001 0.096336
1001 0.091442
1001 0.089614
1001 0.085781
1001 0.095322
1034 0.019548
1034 0.016841
1034 0.033200
1034 0.014210
1034 0.016403
1010 0.060350
1010 0.052513
1010 0.058592
1010 0.061443
1010 0.075663
1006 0.031933
1006 0.046745
1006 0.042565
1006 0.051695
1006 0.052544
1035 0.020178
1035 0.005869
1035 0.031106
1035 0.003531
1035 0.010089
1038 0.025157
1038 0.023344
1038 0.034112
1038 0.027690
1038 0.031170
1012 0.028472
1012 0.024103
1012 0.025641
1012 0.015367
1012 0.036052
1009 0.025828
1009 0.022384
1009 0.015651
1009 0.017318
1009 0.026906
1030 0.019863
1030 0.025094
1030 0.024081
1030 0.024151
1030 0.018483
1027 0.030895
1027 0.051475
1027 0.042645
1027 0.057980
1027 0.066456
1031 0.019320
1031 0.031311
1031 0.069508
1031 0.058278
1031 0.057197
1001 0.084531
1001 0.083523
1001 0.068616
1001 0.081329
1001 0.088593
1029 0.069767
1029 0.057892
1029 0.050000
1029 0.053659
1029 0.072029
1034 0.032615
1034 0.033908
1034 0.030058
1034 0.036173
1034 0.028689
1037 0.023488
1037 0.021412
1037 0.023796
1037 0.024698
1037 0.033333
1027 0.082591
1027 0.088955
1027 0.077819
1027 0.085933
1027 0.082290
1003 0.081585
1003 0.088650
1003 0.082014
1003 0.080518
1003 0.076879
1008 0.046980
1008 0.039294
1008 0.038090
1008 0.025583
1008 0.040988
1009 0.021336
1009 0.016940
1009 0.022650
1009 0.024803
1009 0.026272
1005 0.010175
1005 0.010573
1005 0.008324
1005 0.021119
1005 0.014294
1038 0.023121
1038 0.018681
1038 0.015616
1038 0.022478
1038 0.016222
1006 0.001214
1006 0.003774
1006 0.004255
1006 0.000602
1006 0.000596
1030 0.030571
1030 0.043018
1030 0.027554
1030 0.037710
1030 0.026212
1012 0.035506
1012 0.046163
1012 0.062284
1012 0.053030
1012 0.054747
1004 0.063501
1004 0.083240
1004 0.070304
1004 0.064331
1004 0.069218
1033 0.073110
1033 0.085481
1033 0.069116
1033 0.061798
1033 0.067409
1002 0.045667
1002 0.038350
1002 0.053571
1002 0.034503
1002 0.054997
1035 0.027552
1035 0.008626
1035 0.015679
1035 0.018630
1035 0.021239
1011 0.028112
1011 0.023392
1011 0.020179
1011 0.024678
1011 0.025641
1007 0.013552
1007 0.003388
1007 0.012387
1007 0.014205
1007 0.019112
1036 0.014126
1036 0.040780
1036 0.031591
1036 0.032145
1036 0.018296
1039 0.013423
1039 0.011036
1039 0.014198
1039 0.017943
1039 0.019453
1013 0.008601
1013 0.016260
1013 0.018141
1013 0.022324
1013 0.028258
1010 0.097032
1010 0.085714
1010 0.076525
1010 0.081550
1010 0.096254
1031 0.007966
1031 0.023926
1031 0.019925
1031 0.015291
1031 0.015990
1028 0.062861
1028 0.033271
1028 0.011696
1028 0.032343
1028 0.029262
1032 0.023443
1032 0.038816
1032 0.046527
1032 0.048796
1032 0.055195
