1003 0.000000
1003 0.000000
1003 0.000982
1003 0.000000
1003 0.000000
1031 0.000000
1031 0.000000
1031 0.000000
1031 0.000000
1031 0.000000
1036 0.000000
1036 0.000000
1036 0.000000
1036 0.000000
1036 0.000000
1039 0.000000
1039 0.000000
1039 0.000000
1039 0.003759
1039 0.000000
1029 0.004338
1029 0.000000
1029 0.000000
1029 0.000000
1029 0.000000
1005 0.000000
1005 0.000000
1005 0.000000
1005 0.000000
1005 0.000000
1010 0.000000
1010 0.000000
1010 0.000000
1010 0.000000
1010 0.000000
1011 0.000000
1011 0.000000
1011 0.000000
1011 0.001951
1011 0.007744
1007 0.000000
1007 0.000000
1007 0.000000
1007 0.000000
1007 0.000000
1027 0.000000
1027 0.000000
1027 0.000000
1027 0.001974
1027 0.001946
1008 0.000000
1008 0.000000
1008 0.000000
1008 0.000000
1008 0.000000
1032 0.000000
1032 0.000000
1032 0.000000
1032 0.000000
1032 0.000000
1001 0.000000
1001 0.000000
1001 0.000000
1001 0.000000
1001 0.000000
1006 0.000000
1006 0.000000
1006 0.000000
1006 0.000000
1006 0.000000
1035 0.000000
1035 0.000000
1035 0.001189
1035 0.000000
1035 0.000000
1004 0.000000
1004 0.000000
1004 0.000000
1004 0.000000
1004 0.001050
1037 0.000000
1037 0.000000
1037 0.000000
1037 0.000000
1037 0.000000
1013 0.000000
1013 0.000000
1013 0.000000
1013 0.000000
1013 0.000000
1009 0.000000
1009 0.000000
1009 0.000000
1009 0.000000
1009 0.000000
1038 0.000000
1038 0.000000
1038 0.000000
1038 0.000000
1038 0.000000
1028 0.000000
1028 0.000000
1028 0.000000
1028 0.000000
1028 0.000000
1002 0.000000
1002 0.000000
1002 0.000000
1002 0.000000
1002 0.000000
1012 0.000000
1012 0.000000
1012 0.000000
1012 0.000000
1012 0.000000
1033 0.000000
1033 0.000000
1033 0.000000
1033 0.000000
1033 0.000000
1030 0.122424
1030 0.000000
1030 0.019048
1030 0.050717
1030 0.077201
1034 0.000000
1034 0.000000
1034 0.000000
1034 0.000000
1034 0.000000
1004 0.003341
1004 0.000000
1004 0.002291
1004 0.004334
1004 0.002212
1032 0.000000
1032 0.000000
1032 0.000000
1032 0.000000
1032 0.000000
1037 0.000000
1037 0.000000
1037 0.000000
1037 0.001107
1037 0.026042
1027 0.002088
1027 0.000000
1027 0.000000
1027 0.001032
1027 0.000000
1030 0.052411
1030 0.090155
1030 0.055781
1030 0.057711
1030 0.090909
1006 0.004171
1006 0.004215
1006 0.001058
1006 0.000000
1006 0.000000
1011 0.000000
1011 0.003151
1011 0.004053
1011 0.008065
1011 0.000000
1012 0.000000
1012 0.000000
1012 0.000965
1012 0.000962
1012 0.000000
1008 0.000000
1008 0.000000
1008 0.000000
1008 0.000000
1008 0.000000
1028 0.000000
1028 0.000000
1028 0.000000
1028 0.000000
1028 0.000000
1009 0.000000
1009 0.000000
1009 0.000000
1009 0.000000
1009 0.000000
1033 0.004598
1033 0.041081
1033 0.030168
1033 0.021324
1033 0.122699
1002 0.009336
1002 0.015528
1002 0.020020
1002 0.037949
1002 0.023469
1007 0.010486
1007 0.010486
1007 0.022989
1007 0.005753
1007 0.015595
1036 0.000000
1036 0.001153
1036 0.000000
1036 0.000000
1036 0.025105
1005 0.000000
1005 0.000000
1005 0.000000
1005 0.000000
1005 0.000000
1038 0.029567
1038 0.012793
1038 0.032487
1038 0.033720
1038 0.023085
1001 0.000925
1001 0.002814
1001 0.002788
1001 0.003763
1001 0.003687
1010 0.054585
1010 0.056962
1010 0.137755
1010 0.154629
1010 0.059448
1039 0.000907
1039 0.000000
1039 0.000000
1039 0.000000
1039 0.000000
1029 0.019417
1029 0.016083
1029 0.017891
1029 0.014507
1029 0.016997
1003 0.081893
1003 0.076007
1003 0.083560
1003 0.081877
1003 0.040761
1013 0.000000
1013 0.001111
1013 0.002137
1013 0.001088
1013 0.005308
1034 0.003261
1034 0.007821
1034 0.005325
1034 0.003352
1034 0.011099
1031 0.056300
1031 0.018391
1031 0.000000
1031 0.001236
1031 0.035065
1035 0.000000
1035 0.000000
1035 0.000000
1035 0.000000
1035 0.000000
1005 0.008677
1005 0.000000
1005 0.002123
1005 0.002137
1005 0.000000
1033 0.000000
1033 0.000000
1033 0.000000
1033 0.000000
1033 0.000000
1038 0.000000
1038 0.000000
1038 0.000000
1038 0.000000
1038 0.000000
1028 0.000000
1028 0.000000
1028 0.000000
1028 0.000000
1028 0.001052
1031 0.081023
1031 0.012526
1031 0.001018
1031 0.000000
1031 0.018072
1007 0.005241
1007 0.004224
1007 0.002112
1007 0.004224
1007 0.000000
1012 0.000000
1012 0.000000
1012 0.000000
1012 0.000000
1012 0.000000
1013 0.035679
1013 0.008475
1013 0.015519
1013 0.005484
1013 0.018500
1009 0.000000
1009 0.000000
1009 0.000000
1009 0.000000
1009 0.000000
1029 0.003653
1029 0.001854
1029 0.000936
1029 0.000000
1029 0.002791
1010 0.041788
1010 0.034417
1010 0.029644
1010 0.028409
1010 0.028945
1034 0.003352
1034 0.000000
1034 0.000000
1034 0.000000
1034 0.001062
1003 0.012109
1003 0.007099
1003 0.000000
1003 0.000000
1003 0.001974
1008 0.000000
1008 0.000000
1008 0.000000
1008 0.000000
1008 0.000000
1037 0.000000
1037 0.000000
1037 0.000000
1037 0.000000
1037 0.000000
1006 0.004556
1006 0.010858
1006 0.010604
1006 0.011690
1006 0.014553
1039 0.003219
1039 0.005263
1039 0.001014
1039 0.003132
1039 0.000000
1002 0.000000
1002 0.000000
1002 0.000000
1002 0.000000
1002 0.000000
1011 0.014113
1011 0.023681
1011 0.025668
1011 0.052529
1011 0.037374
1027 0.000000
1027 0.000000
1027 0.000000
1027 0.000000
1027 0.000000
1030 0.000000
1030 0.000000
1030 0.000000
1030 0.000000
1030 0.000000
1004 0.005655
1004 0.006623
1004 0.007583
1004 0.007540
1004 0.004713
1001 0.000000
1001 0.000000
1001 0.000000
1001 0.000000
1001 0.000000
1035 0.001026
1035 0.031763
1035 0.036240
1035 0.039489
1035 0.001115
1032 0.020860
1032 0.000000
1032 0.006427
1032 0.004825
1032 0.092700
1036 0.031111
1036 0.021906
1036 0.022798
1036 0.027594
1036 0.049251
1006 0.012358
1006 0.030208
1006 0.041623
1006 0.068588
1006 0.046536
1034 0.049884
1034 0.041112
1034 0.076074
1034 0.051621
1034 0.016647
1039 0.000000
1039 0.000000
1039 0.000000
1039 0.000000
1039 0.000000
1029 0.009534
1029 0.014115
1029 0.008529
1029 0.006397
1029 0.009009
1032 0.038105
1032 0.003080
1032 0.003984
1032 0.002119
1032 0.004215
1008 0.008114
1008 0.009970
1008 0.011628
1008 0.009082
1008 0.003937
1013 0.000000
1013 0.007874
1013 0.000000
1013 0.000000
1013 0.000000
1001 0.006506
1001 0.024390
1001 0.001842
1001 0.001850
1001 0.003676
1010 0.000000
1010 0.000000
1010 0.000000
1010 0.000000
1010 0.000000
1030 0.057814
1030 0.071558
1030 0.034926
1030 0.049360
1030 0.029520
1011 0.013109
1011 0.031805
1011 0.022556
1011 0.013941
1011 0.019943
1035 0.008290
1035 0.007376
1035 0.001054
1035 0.002125
1035 0.004499
1004 0.000000
1004 0.000000
1004 0.000000
1004 0.000000
1004 0.000000
1009 0.000000
1009 0.005803
1009 0.000965
1009 0.001946
1009 0.001931
1038 0.000000
1038 0.000000
1038 0.000000
1038 0.000000
1038 0.000000
1007 0.000000
1007 0.008018
1007 0.000000
1007 0.000000
1007 0.000000
1027 0.004582
1027 0.000000
1027 0.000000
1027 0.000000
1027 0.001130
1003 0.055660
1003 0.041551
1003 0.048598
1003 0.027855
1003 0.034323
1012 0.002967
1012 0.008969
1012 0.000000
1012 0.005417
1012 0.000000
1028 0.001794
1028 0.011535
1028 0.014363
1028 0.016187
1028 0.018034
1031 0.001876
1031 0.001927
1031 0.000951
1031 0.003777
1031 0.004608
1005 0.000000
1005 0.000000
1005 0.000000
1005 0.000000
1005 0.000000
1002 0.034557
1002 0.079911
1002 0.072650
1002 0.066521
1002 0.091928
1036 0.013225
1036 0.012632
1036 0.014448
1036 0.021598
1036 0.008448
1033 0.003681
1033 0.001261
1033 0.002574
1033 0.002577
1033 0.006579
1037 0.002230
1037 0.000000
1037 0.000000
1037 0.000000
1037 0.000000
1007 0.036765
1007 0.041573
1007 0.078603
1007 0.064220
1007 0.060890
1035 0.001284
1035 0.000000
1035 0.000000
1035 0.000000
1035 0.000000
1027 0.000000
1027 0.000000
1027 0.000000
1027 0.000000
1027 0.000000
1030 0.025826
1030 0.000000
1030 0.012277
1030 0.009238
1030 0.004292
1033 0.016429
1033 0.017957
1033 0.023310
1033 0.030963
1033 0.022140
1009 0.000000
1009 0.000000
1009 0.000000
1009 0.000000
1009 0.000000
1001 0.017354
1001 0.002296
1001 0.004420
1001 0.003401
1001 0.001096
1002 0.005417
1002 0.013230
1002 0.005760
1002 0.006438
1002 0.000000
1011 0.012594
1011 0.033792
1011 0.026992
1011 0.029677
1011 0.009732
1031 0.004215
1031 0.019438
1031 0.006211
1031 0.005313
1031 0.001046
1012 0.344676
1012 0.334895
1012 0.336806
1012 0.241379
1012 0.338983
1036 0.039046
1036 0.023707
1036 0.009772
1036 0.040632
1036 0.054147
1005 0.002445
1005 0.017157
1005 0.040476
1005 0.041152
1005 0.162562
1010 0.028902
1010 0.037464
1010 0.029098
1010 0.005900
1010 0.008563
1039 0.006202
1039 0.008547
1039 0.009132
1039 0.014493
1039 0.023810
1008 0.007559
1008 0.001059
1008 0.000000
1008 0.001083
1008 0.001116
1028 0.000000
1028 0.000000
1028 0.000000
1028 0.000000
1028 0.000000
1004 0.007308
1004 0.003606
1004 0.000000
1004 0.006158
1004 0.001284
1013 0.000000
1013 0.003802
1013 0.001256
1013 0.000000
1013 0.000000
1029 0.000000
1029 0.000000
1029 0.000000
1029 0.003145
1029 0.000000
1032 0.029782
1032 0.013605
1032 0.006873
1032 0.047511
1032 0.034179
1006 0.000000
1006 0.000000
1006 0.000000
1006 0.000000
1006 0.000000
1003 0.001222
1003 0.000000
1003 0.000000
1003 0.000000
1003 0.004926
1037 0.001420
1037 0.000000
1037 0.000000
1037 0.000000
1037 0.000000
1034 0.005642
1034 0.002695
1034 0.074214
1034 0.023004
1034 0.028834
1038 0.123581
1038 0.118586
1038 0.102837
1038 0.076053
1038 0.032710
1008 0.119326
1008 0.126779
1008 0.094629
1008 0.089480
1008 0.094937
1036 0.000000
1036 0.000000
1036 0.000000
1036 0.000000
1036 0.000000
1028 0.000000
1028 0.000000
1028 0.000000
1028 0.000000
1028 0.000000
1031 0.006289
1031 0.010766
1031 0.009467
1031 0.016352
1031 0.020339
1034 0.299871
1034 0.304009
1034 0.375435
1034 0.091941
1034 0.169746
1010 0.131258
1010 0.123033
1010 0.164286
1010 0.114641
1010 0.122253
1002 0.067285
1002 0.042627
1002 0.051784
1002 0.064368
1002 0.065909
1003 0.010011
1003 0.004837
1003 0.003559
1003 0.052632
1003 0.011834
1012 0.423321
1012 0.405270
1012 0.415287
1012 0.368687
1012 0.314399
1032 0.015464
1032 0.035088
1032 0.033639
1032 0.034225
1032 0.029234
1013 0.003589
1013 0.000000
1013 0.000000
1013 0.000000
1013 0.000000
1037 0.243023
1037 0.256787
1037 0.187865
1037 0.135301
1037 0.178439
1006 0.050663
1006 0.044444
1006 0.022785
1006 0.062591
1006 0.028947
1011 0.038377
1011 0.083151
1011 0.033003
1011 0.058693
1011 0.058306
1027 0.004615
1027 0.008929
1027 0.007386
1027 0.006250
1027 0.006126
1009 0.000000
1009 0.000000
1009 0.000000
1009 0.000000
1009 0.000000
1029 0.001127
1029 0.033473
1029 0.009698
1029 0.020788
1029 0.030140
1005 0.000000
1005 0.000000
1005 0.000000
1005 0.000000
1005 0.000000
1001 0.124060
1001 0.100271
1001 0.158768
1001 0.144391
1001 0.155759
1030 0.003681
1030 0.005882
1030 0.007117
1030 0.013498
1030 0.039828
1033 0.023066
1033 0.022409
1033 0.064246
1033 0.053237
1033 0.058405
1007 0.016304
1007 0.008705
1007 0.017131
1007 0.015873
1007 0.038636
1004 0.000000
1004 0.010050
1004 0.001290
1004 0.001263
1004 0.001259
1038 0.026987
1038 0.045780
1038 0.026393
1038 0.040179
1038 0.042584
1035 0.000000
1035 0.000000
1035 0.000000
1035 0.014620
1035 0.008380
1039 0.000000
1039 0.000000
1039 0.000000
1039 0.001399
1039 0.000000
1009 0.007389
1009 0.003741
1009 0.000000
1009 0.002522
1009 0.008951
1037 0.020218
1037 0.008065
1037 0.007937
1037 0.001653
1037 0.003205
1029 0.000000
1029 0.001629
1029 0.000000
1029 0.001560
1029 0.003115
1032 0.152522
1032 0.151885
1032 0.134689
1032 0.158199
1032 0.145029
1035 0.018454
1035 0.001188
1035 0.008168
1035 0.001179
1035 0.010883
1011 0.080058
1011 0.085631
1011 0.096124
1011 0.087827
1011 0.071542
1003 0.008056
1003 0.000000
1003 0.002871
1003 0.005859
1003 0.011204
1004 0.060677
1004 0.090708
1004 0.104513
1004 0.100244
1004 0.108241
1013 0.000000
1013 0.001353
1013 0.002721
1013 0.000000
1013 0.001304
1033 0.004946
1033 0.005092
1033 0.021429
1033 0.005935
1033 0.007092
1001 0.055412
1001 0.103175
1001 0.067843
1001 0.036161
1001 0.043896
1038 0.000000
1038 0.000000
1038 0.001041
1038 0.000000
1038 0.000000
1007 0.001232
1007 0.003704
1007 0.000000
1007 0.000000
1007 0.003797
1012 0.498876
1012 0.342166
1012 0.440812
1012 0.496089
1012 0.379349
1028 0.002911
1028 0.005997
1028 0.002725
1028 0.000000
1028 0.000000
1010 0.192961
1010 0.067818
1010 0.138055
1010 0.141782
1010 0.131714
1030 0.023684
1030 0.039555
1030 0.052151
1030 0.054224
1030 0.078562
1006 0.000000
1006 0.000000
1006 0.000000
1006 0.000000
1006 0.000000
1002 0.019947
1002 0.016086
1002 0.005057
1002 0.006889
1002 0.010297
1031 0.147977
1031 0.141243
1031 0.096667
1031 0.098684
1031 0.134752
1034 0.072497
1034 0.135593
1034 0.147020
1034 0.140789
1034 0.183813
1008 0.000000
1008 0.000000
1008 0.000000
1008 0.000000
1008 0.000000
1005 0.080906
1005 0.078007
1005 0.080135
1005 0.071744
1005 0.069668
1039 0.000000
1039 0.000000
1039 0.000000
1039 0.000000
1039 0.000000
1036 0.000000
1036 0.005479
1036 0.002994
1036 0.020027
1036 0.019718
1027 0.000000
1027 0.000000
1027 0.000000
1027 0.000000
1027 0.000000
1010 0.004630
1010 0.004405
1010 0.008785
1010 0.017045
1010 0.001618
1038 0.001435
1038 0.000000
1038 0.003241
1038 0.007987
1038 0.048930
1030 0.001546
1030 0.003135
1030 0.000000
1030 0.004608
1030 0.001639
1033 0.209275
1033 0.197714
1033 0.190244
1033 0.187427
1033 0.165128
1036 0.093824
1036 0.160592
1036 0.086247
1036 0.087248
1036 0.012987
1012 0.095087
1012 0.157337
1012 0.053929
1012 0.032310
1012 0.042208
1004 0.000000
1004 0.000000
1004 0.000936
1004 0.000926
1004 0.002933
1005 0.000000
1005 0.000000
1005 0.000000
1005 0.000000
1005 0.000000
1001 0.060570
1001 0.055351
1001 0.073317
1001 0.068019
1001 0.081535
1034 0.018237
1034 0.029592
1034 0.032753
1034 0.029258
1034 0.014925
1002 0.000000
1002 0.000000
1002 0.000000
1002 0.000000
1002 0.000000
1039 0.017241
1039 0.020086
1039 0.016345
1039 0.015942
1039 0.007599
1008 0.023899
1008 0.011250
1008 0.004902
1008 0.009756
1008 0.030048
1013 0.001134
1013 0.001125
1013 0.004561
1013 0.006889
1013 0.005741
1029 0.020151
1029 0.018893
1029 0.022624
1029 0.017568
1029 0.004498
1011 0.011094
1011 0.045517
1011 0.042614
1011 0.058824
1011 0.051829
1031 0.056630
1031 0.055405
1031 0.069987
1031 0.097087
1031 0.098093
1007 0.000000
1007 0.006596
1007 0.000000
1007 0.000000
1007 0.000000
1003 0.011189
1003 0.012195
1003 0.056533
1003 0.015564
1003 0.020576
1032 0.027533
1032 0.031891
1032 0.030270
1032 0.029348
1032 0.060797
1035 0.000000
1035 0.000000
1035 0.000000
1035 0.000000
1035 0.000000
1009 0.008584
1009 0.000000
1009 0.000000
1009 0.000000
1009 0.000000
1006 0.026596
1006 0.030065
1006 0.013175
1006 0.004076
1006 0.024490
1027 0.000000
1027 0.004298
1027 0.002874
1027 0.000000
1027 0.000000
1037 0.004515
1037 0.001208
1037 0.000000
1037 0.007892
1037 0.001089
1028 0.045723
1028 0.048502
1028 0.063380
1028 0.061625
1028 0.044100
1011 0.000000
1011 0.003074
1011 0.006061
1011 0.006110
1011 0.016377
1039 0.003881
1039 0.006266
1039 0.006188
1039 0.012970
1039 0.011450
1031 0.001104
1031 0.000000
1031 0.000000
1031 0.001095
1031 0.000000
1034 0.016080
1034 0.008227
1034 0.010185
1034 0.011483
1034 0.014706
1037 0.105809
1037 0.112337
1037 0.112360
1037 0.039958
1037 0.082441
1013 0.000000
1013 0.000000
1013 0.000000
1013 0.001050
1013 0.001107
1005 0.009191
1005 0.024164
1005 0.013736
1005 0.013587
1005 0.009946
1006 0.003687
1006 0.003552
1006 0.006352
1006 0.005357
1006 0.006470
1002 0.019332
1002 0.017227
1002 0.030769
1002 0.020979
1002 0.015707
1035 0.001929
1035 0.003941
1035 0.012405
1035 0.010536
1035 0.002865
1003 0.076172
1003 0.090726
1003 0.088450
1003 0.078370
1003 0.074423
1027 0.007839
1027 0.011853
1027 0.019587
1027 0.034225
1027 0.009989
1009 0.053203
1009 0.057546
1009 0.040984
1009 0.050794
1009 0.068111
1001 0.084995
1001 0.216942
1001 0.152263
1001 0.075693
1001 0.099042
1030 0.005623
1030 0.012987
1030 0.018775
1030 0.011881
1030 0.006883
1012 0.071233
1012 0.143949
1012 0.171835
1012 0.169427
1012 0.177691
1032 0.011940
1032 0.020038
1032 0.029155
1032 0.038114
1032 0.032641
1008 0.007874
1008 0.009766
1008 0.003984
1008 0.003895
1008 0.000000
1004 0.256647
1004 0.240185
1004 0.240415
1004 0.244103
1004 0.207819
1033 0.000000
1033 0.000000
1033 0.003735
1033 0.003680
1033 0.016933
1036 0.014085
1036 0.007376
1036 0.006263
1036 0.012645
1036 0.008734
1010 0.033951
1010 0.039071
1010 0.043150
1010 0.065458
1010 0.048106
1007 0.000000
1007 0.003714
1007 0.008475
1007 0.015429
1007 0.006610
1028 0.006809
1028 0.003040
1028 0.005814
1028 0.014286
1028 0.000000
1038 0.029340
1038 0.026807
1038 0.022396
1038 0.038462
1038 0.027304
1029 0.012182
1029 0.013333
1029 0.001103
1029 0.005574
1029 0.007901
1012 0.208802
1012 0.090909
1012 0.197382
1012 0.110664
1012 0.084562
1027 0.060718
1027 0.061100
1027 0.081276
1027 0.056237
1027 0.073320
1032 0.000928
1032 0.002871
1032 0.000000
1032 0.001896
1032 0.001885
1035 0.010319
1035 0.009285
1035 0.000000
1035 0.000000
1035 0.012161
1038 0.000000
1038 0.010235
1038 0.005035
1038 0.001889
1038 0.000000
1001 0.012618
1001 0.009454
1001 0.029472
1001 0.010142
1001 0.005342
1006 0.036640
1006 0.033454
1006 0.003607
1006 0.031599
1006 0.019556
1007 0.054386
1007 0.036101
1007 0.030521
1007 0.016143
1007 0.032287
1003 0.010166
1003 0.020702
1003 0.016499
1003 0.017840
1003 0.013953
1036 0.015764
1036 0.016521
1036 0.026839
1036 0.022000
1036 0.025194
1004 0.058765
1004 0.015060
1004 0.020875
1004 0.048755
1004 0.054527
1028 0.006098
1028 0.002026
1028 0.004353
1028 0.010460
1028 0.005133
1010 0.143550
1010 0.150000
1010 0.175856
1010 0.153409
1010 0.061061
1002 0.071053
1002 0.068935
1002 0.055220
1002 0.033913
1002 0.037885
1031 0.048403
1031 0.029557
1031 0.043833
1031 0.027579
1031 0.031762
1013 0.000000
1013 0.000000
1013 0.000000
1013 0.000000
1013 0.000000
1033 0.030168
1033 0.003112
1033 0.000000
1033 0.000000
1033 0.000000
1009 0.013799
1009 0.005888
1009 0.000970
1009 0.003777
1009 0.013928
1005 0.023343
1005 0.017528
1005 0.008826
1005 0.015748
1005 0.009074
1034 0.025257
1034 0.027128
1034 0.022936
1034 0.024977
1034 0.020370
1037 0.084713
1037 0.143550
1037 0.137357
1037 0.149701
1037 0.119510
1011 0.026654
1011 0.048354
1011 0.045000
1011 0.048611
1011 0.056444
1008 0.040452
1008 0.049541
1008 0.067593
1008 0.060804
1008 0.126186
1029 0.003311
1029 0.000000
1029 0.000000
1029 0.006674
1029 0.017680
1039 0.001133
1039 0.002328
1039 0.005507
1039 0.009709
1039 0.006689
1030 0.005400
1030 0.013058
1030 0.028666
1030 0.068525
1030 0.008529
1013 0.014199
1013 0.016327
1013 0.022022
1013 0.024641
1013 0.010669
1028 0.004773
1028 0.004689
1028 0.000000
1028 0.029412
1028 0.002134
1033 0.019802
1033 0.011893
1033 0.016832
1033 0.007843
1033 0.015213
1036 0.011236
1036 0.025666
1036 0.019361
1036 0.025025
1036 0.024717
1039 0.001014
1039 0.000962
1039 0.000000
1039 0.000000
1039 0.000000
1002 0.000000
1002 0.002868
1002 0.001925
1002 0.006705
1002 0.000954
1007 0.005430
1007 0.000000
1007 0.037037
1007 0.006335
1007 0.065895
1008 0.000000
1008 0.000000
1008 0.000887
1008 0.000000
1008 0.000000
1004 0.095064
1004 0.066130
1004 0.052681
1004 0.061751
1004 0.074697
1037 0.024977
1037 0.057005
1037 0.055769
1037 0.047798
1037 0.059104
1005 0.000000
1005 0.000000
1005 0.000962
1005 0.016713
1005 0.014006
1029 0.000000
1029 0.004107
1029 0.013584
1029 0.010163
1029 0.013830
1011 0.053066
1011 0.105641
1011 0.085506
1011 0.021864
1011 0.058324
1003 0.075306
1003 0.029437
1003 0.048696
1003 0.027337
1003 0.029956
1032 0.043430
1032 0.107987
1032 0.139509
1032 0.162042
1032 0.238095
1001 0.166492
1001 0.178186
1001 0.153422
1001 0.137192
1001 0.178155
1034 0.011740
1034 0.011538
1034 0.005775
1034 0.016441
1034 0.008824
1010 0.131380
1010 0.093664
1010 0.127406
1010 0.170799
1010 0.197965
1006 0.015165
1006 0.033448
1006 0.032095
1006 0.032618
1006 0.036534
1035 0.021318
1035 0.013096
1035 0.031044
1035 0.007759
1035 0.034113
1038 0.010417
1038 0.010225
1038 0.013105
1038 0.012295
1038 0.017526
1012 0.000000
1012 0.000955
1012 0.000958
1012 0.000000
1012 0.001967
1009 0.007512
1009 0.003831
1009 0.001936
1009 0.002874
1009 0.009506
1030 0.003300
1030 0.008929
1030 0.006857
1030 0.002307
1030 0.002317
1027 0.035842
1027 0.034052
1027 0.055814
1027 0.040237
1027 0.024764
1031 0.072261
1031 0.079121
1031 0.161980
1031 0.156600
1031 0.168103
1001 0.117704
1001 0.114370
1001 0.079731
1001 0.108844
1001 0.123651
1029 0.003344
1029 0.001142
1029 0.001130
1029 0.001110
1029 0.016411
1034 0.004721
1034 0.016362
1034 0.014535
1034 0.013820
1034 0.012821
1037 0.078607
1037 0.069853
1037 0.066667
1037 0.058824
1037 0.067235
1027 0.150194
1027 0.174777
1027 0.148691
1027 0.157201
1027 0.065955
1003 0.025667
1003 0.030846
1003 0.017910
1003 0.015968
1003 0.016016
1008 0.042396
1008 0.010242
1008 0.014747
1008 0.002742
1008 0.019856
1009 0.000000
1009 0.000000
1009 0.000000
1009 0.000000
1009 0.000000
1005 0.003802
1005 0.000000
1005 0.000000
1005 0.000000
1005 0.000000
1038 0.000000
1038 0.002882
1038 0.000945
1038 0.000000
1038 0.000000
1006 0.001889
1006 0.001016
1006 0.000973
1006 0.001970
1006 0.004950
1030 0.003663
1030 0.026467
1030 0.016298
1030 0.032980
1030 0.014286
1012 0.151394
1012 0.104063
1012 0.094622
1012 0.081269
1012 0.113246
1004 0.087255
1004 0.108007
1004 0.100817
1004 0.085106
1004 0.090485
1033 0.007034
1033 0.007255
1033 0.009864
1033 0.031095
1033 0.023780
1002 0.004053
1002 0.005040
1002 0.000000
1002 0.003352
1002 0.003264
1035 0.006579
1035 0.000000
1035 0.002910
1035 0.001988
1035 0.000000
1011 0.020677
1011 0.004704
1011 0.006341
1011 0.021544
1011 0.028829
1007 0.006154
1007 0.001957
1007 0.000000
1007 0.000954
1007 0.019474
1036 0.000000
1036 0.009425
1036 0.009497
1036 0.006654
1036 0.000972
1039 0.025169
1039 0.018130
1039 0.021401
1039 0.018149
1039 0.032724
1013 0.000000
1013 0.000000
1013 0.000000
1013 0.000000
1013 0.000000
1010 0.080471
1010 0.069376
1010 0.114688
1010 0.090099
1010 0.127576
1031 0.022317
1031 0.024691
1031 0.016667
1031 0.003279
1031 0.001112
1028 0.000000
1028 0.000000
1028 0.000000
1028 0.000000
1028 0.000000
1032 0.166276
1032 0.195923
1032 0.203468
1032 0.098576
1032 0.106095
