1002 0.006557
1002 0.014806
1002 0.011521
1002 0.011628
1002 0.018418
1030 0.988010
1030 0.925581
1030 0.984450
1030 0.980815
1030 0.969770
1035 0.938931
1035 0.970721
1035 0.938776
1035 0.940914
1035 0.951848
1038 1.000000
1038 0.998940
1038 1.000000
1038 1.000000
1038 1.000000
1028 0.911201
1028 0.961105
1028 0.984709
1028 0.678392
1028 0.811245
1004 0.940144
1004 0.938155
1004 0.961026
1004 0.941414
1004 0.943277
1009 0.822449
1009 0.782869
1009 0.870637
1009 0.879837
1009 0.101555
1010 0.655470
1010 0.746568
1010 0.885799
1010 0.835481
1010 0.813320
1006 0.913083
1006 0.846435
1006 0.920345
1006 0.971989
1006 0.936090
1039 0.944821
1039 0.937864
1039 0.946309
1039 0.906641
1039 0.888363
1007 0.942270
1007 0.950495
1007 0.944609
1007 0.945491
1007 0.937924
1031 0.546275
1031 0.128673
1031 0.150215
1031 0.143617
1031 0.228541
1013 0.660340
1013 0.724780
1013 0.652000
1013 0.657464
1013 0.774459
1005 0.006711
1005 0.010407
1005 0.002833
1005 0.006591
1005 0.003656
1034 0.898749
1034 0.963595
1034 0.974625
1034 0.976055
1034 0.984749
1003 0.779412
1003 0.756345
1003 0.728972
1003 0.699690
1003 0.708376
1036 0.917749
1036 0.908197
1036 0.670732
1036 0.644737
1036 0.582418
1012 0.118371
1012 0.069030
1012 0.125116
1012 0.151261
1012 0.050514
1008 0.423358
1008 0.364407
1008 0.497446
1008 0.511992
1008 0.397015
1037 0.974074
1037 0.999102
1037 0.987179
1037 0.998188
1037 0.830119
1027 0.968306
1027 0.968984
1027 0.968335
1027 0.960883
1027 0.949051
1001 0.213514
1001 0.220018
1001 0.217902
1001 0.211293
1001 0.198905
1011 0.732318
1011 0.683351
1011 0.708749
1011 0.622969
1011 0.654812
1032 0.534404
1032 0.563177
1032 0.554190
1032 0.560440
1032 0.620381
1029 0.299040
1029 0.280959
1029 0.936196
1029 0.827586
1029 0.329843
1033 0.666667
1033 0.640914
1033 0.623620
1033 0.664495
1033 0.518192
1002 0.787846
1002 0.646251
1002 0.745078
1002 0.703364
1002 0.739550
1030 0.888889
1030 0.848522
1030 0.817625
1030 0.793939
1030 0.801634
1035 1.000000
1035 1.000000
1035 0.993314
1035 0.999056
1035 0.999046
1038 0.847128
1038 0.839840
1038 0.889796
1038 0.889458
1038 0.812984
1028 0.895652
1028 0.302752
1028 0.630631
1028 0.787046
1028 0.829960
1004 0.916047
1004 0.823164
1004 0.874089
1004 0.906152
1004 0.827979
1009 0.992608
1009 0.923469
1009 0.948745
1009 0.956337
1009 0.970526
1010 0.861969
1010 0.811374
1010 0.726326
1010 0.701887
1010 0.718780
1006 0.852230
1006 0.916746
1006 0.926033
1006 0.865672
1006 0.862617
1039 0.661805
1039 0.736253
1039 0.608534
1039 0.675422
1039 0.668220
1007 0.926692
1007 0.915640
1007 0.875238
1007 0.918893
1007 0.913889
1031 0.950658
1031 0.894850
1031 0.941365
1031 0.942044
1031 0.855087
1013 0.299137
1013 0.606275
1013 0.710325
1013 0.544860
1013 0.634690
1005 0.000963
1005 0.002047
1005 0.001005
1005 0.001905
1005 0.001908
1034 0.862788
1034 0.912222
1034 0.768293
1034 0.670429
1034 0.847875
1003 0.617841
1003 0.686975
1003 0.690501
1003 0.678054
1003 0.683770
1036 0.024096
1036 0.174717
1036 0.425532
1036 0.241695
1036 0.471215
1012 0.988802
1012 1.000000
1012 1.000000
1012 1.000000
1012 1.000000
1008 0.428424
1008 0.440501
1008 0.629179
1008 0.575569
1008 0.210780
1037 1.000000
1037 0.999088
1037 0.997255
1037 0.986007
1037 0.999079
1027 0.583333
1027 0.506195
1027 0.520909
1027 0.424429
1027 0.470852
1001 0.131100
1001 0.140818
1001 0.145972
1001 0.153409
1001 0.119514
1011 0.353326
1011 0.321041
1011 0.284153
1011 0.298715
1011 0.240860
1032 0.972707
1032 0.995531
1032 0.914027
1032 0.990486
1032 0.918367
1029 0.133163
1029 0.125156
1029 0.660471
1029 0.660955
1029 0.697647
1033 0.100478
1033 0.210710
1033 0.219307
1033 0.213915
1033 0.204211
1002 0.469248
1002 0.331643
1002 0.296517
1002 0.319630
1002 0.298413
1030 0.813497
1030 0.753325
1030 0.818622
1030 0.818815
1030 0.798378
1035 0.703985
1035 0.721063
1035 0.807915
1035 0.884690
1035 0.897803
1038 0.828541
1038 0.834230
1038 0.817216
1038 0.832109
1038 0.752351
1028 0.714724
1028 0.996040
1028 0.998988
1028 0.139413
1028 0.404435
1004 0.425793
1004 0.358529
1004 0.246407
1004 0.339776
1004 0.272272
1009 0.767839
1009 0.791878
1009 0.746521
1009 0.775225
1009 0.627586
1010 0.891182
1010 0.874630
1010 0.837321
1010 0.837251
1010 0.825269
1006 0.679281
1006 0.670401
1006 0.651052
1006 0.696682
1006 0.641473
1039 0.813187
1039 0.861553
1039 0.770019
1039 0.793296
1039 0.777269
1007 0.883937
1007 0.907197
1007 0.911091
1007 0.869287
1007 0.860529
1031 0.593184
1031 0.589967
1031 0.623773
1031 0.670157
1031 0.722051
1013 0.754195
1013 0.623862
1013 0.762800
1013 0.750255
1013 0.710010
1005 0.000000
1005 0.001963
1005 0.002933
1005 0.002910
1005 0.000000
1034 0.906388
1034 0.956474
1034 0.922162
1034 0.726764
1034 0.882220
1003 0.737542
1003 0.739524
1003 0.730068
1003 0.704209
1003 0.705287
1036 0.889023
1036 0.959651
1036 0.966518
1036 0.961874
1036 0.934166
1012 0.241643
1012 0.110384
1012 0.088889
1012 0.055347
1012 0.050752
1008 0.521008
1008 0.406250
1008 0.475322
1008 0.389485
1008 0.385802
1037 0.931346
1037 0.974978
1037 0.989936
1037 0.967771
1037 0.954342
1027 0.839921
1027 0.825073
1027 0.788480
1027 0.783978
1027 0.699814
1001 0.163708
1001 0.166994
1001 0.190385
1001 0.192161
1001 0.175120
1011 0.708286
1011 0.497758
1011 0.451271
1011 0.305286
1011 0.440748
1032 0.930136
1032 0.963791
1032 0.951220
1032 0.935378
1032 0.940552
1029 0.139687
1029 0.134034
1029 0.050725
1029 0.053269
1029 0.159533
1033 0.258641
1033 0.282851
1033 0.280177
1033 0.450000
1033 0.438787
1002 0.020501
1002 0.122960
1002 0.157895
1002 0.163482
1002 0.146341
1030 0.351105
1030 0.498013
1030 0.484334
1030 0.317819
1030 0.420859
1035 0.028875
1035 0.069527
1035 0.082067
1035 0.055385
1035 0.059816
1038 0.614979
1038 0.550000
1038 0.547213
1038 0.613734
1038 0.651111
1028 0.002227
1028 0.003421
1028 0.001126
1028 0.005727
1028 0.000000
1004 0.492788
1004 0.480097
1004 0.502475
1004 0.445652
1004 0.496314
1009 0.033682
1009 0.096133
1009 0.117517
1009 0.075281
1009 0.038074
1010 0.138921
1010 0.094923
1010 0.171857
1010 0.143493
1010 0.147856
1006 0.145122
1006 0.134860
1006 0.107358
1006 0.094828
1006 0.108508
1039 0.056144
1039 0.055172
1039 0.061616
1039 0.038614
1039 0.061061
1007 0.085297
1007 0.121065
1007 0.125148
1007 0.138686
1007 0.150575
1031 0.532139
1031 0.480000
1031 0.233689
1031 0.369895
1031 0.295429
1013 0.078283
1013 0.139241
1013 0.066185
1013 0.118705
1013 0.089744
1005 0.341416
1005 0.427875
1005 0.423372
1005 0.378744
1005 0.410256
1034 0.097160
1034 0.139466
1034 0.202649
1034 0.221429
1034 0.225989
1003 0.292391
1003 0.338074
1003 0.312429
1003 0.214362
1003 0.271845
1036 0.013441
1036 0.005063
1036 0.031133
1036 0.011208
1036 0.002611
1012 0.956044
1012 0.964994
1012 0.979493
1012 0.997644
1012 0.978622
1008 0.156446
1008 0.110081
1008 0.154031
1008 0.115839
1008 0.128894
1037 0.123273
1037 0.127368
1037 0.149378
1037 0.130252
1037 0.197838
1027 0.366699
1027 0.462076
1027 0.563991
1027 0.515768
1027 0.291346
1001 0.606186
1001 0.674194
1001 0.669519
1001 0.647249
1001 0.689320
1011 0.171801
1011 0.223192
1011 0.201198
1011 0.224760
1011 0.259169
1032 0.324286
1032 0.343284
1032 0.392128
1032 0.385401
1032 0.314074
1029 0.058122
1029 0.041949
1029 0.043767
1029 0.044473
1029 0.030848
1033 0.154930
1033 0.172960
1033 0.210877
1033 0.273796
1033 0.185874
1002 0.018270
1002 0.084791
1002 0.072368
1002 0.068653
1002 0.088158
1030 0.034921
1030 0.016591
1030 0.033654
1030 0.033654
1030 0.041991
1035 0.037627
1035 0.065476
1035 0.065967
1035 0.061012
1035 0.070301
1038 0.111524
1038 0.093674
1038 0.078704
1038 0.083738
1038 0.087600
1028 0.000000
1028 0.000000
1028 0.002347
1028 0.001188
1028 0.001170
1004 0.121170
1004 0.161198
1004 0.170213
1004 0.148252
1004 0.198324
1009 0.069741
1009 0.068927
1009 0.051683
1009 0.043529
1009 0.029050
1010 0.096400
1010 0.103651
1010 0.104930
1010 0.096370
1010 0.109188
1006 0.125984
1006 0.098113
1006 0.083236
1006 0.078502
1006 0.125756
1039 0.039674
1039 0.058078
1039 0.091556
1039 0.051118
1039 0.039030
1007 0.031653
1007 0.024213
1007 0.030000
1007 0.056462
1007 0.057292
1031 0.274725
1031 0.299296
1031 0.310668
1031 0.206428
1031 0.170886
1013 0.030012
1013 0.005376
1013 0.004342
1013 0.013614
1013 0.010551
1005 0.090402
1005 0.100541
1005 0.102649
1005 0.103337
1005 0.132675
1034 0.066291
1034 0.066372
1034 0.075912
1034 0.079223
1034 0.082695
1003 0.052349
1003 0.063100
1003 0.115691
1003 0.064378
1003 0.072650
1036 0.006749
1036 0.228338
1036 0.036026
1036 0.085288
1036 0.059811
1012 1.000000
1012 0.996226
1012 0.997685
1012 0.992161
1012 0.991453
1008 0.013942
1008 0.007126
1008 0.009858
1008 0.029851
1008 0.009792
1037 0.079254
1037 0.059859
1037 0.129673
1037 0.154639
1037 0.153143
1027 0.005413
1027 0.020970
1027 0.005831
1027 0.010130
1027 0.001425
1001 0.679829
1001 0.636957
1001 0.703911
1001 0.635440
1001 0.652608
1011 0.107792
1011 0.154948
1011 0.167539
1011 0.061743
1011 0.058333
1032 0.244411
1032 0.273256
1032 0.307692
1032 0.291971
1032 0.251572
1029 0.050370
1029 0.032086
1029 0.025714
1029 0.016064
1029 0.044643
1033 0.197222
1033 0.292576
1033 0.318386
1033 0.308659
1033 0.369318
1002 0.224051
1002 0.153382
1002 0.230863
1002 0.232529
1002 0.190887
1030 0.030744
1030 0.022329
1030 0.027027
1030 0.030596
1030 0.033724
1035 0.063636
1035 0.073323
1035 0.057878
1035 0.081123
1035 0.083714
1038 0.128680
1038 0.134553
1038 0.127494
1038 0.145355
1038 0.163020
1028 0.000000
1028 0.000000
1028 0.000000
1028 0.000000
1028 0.000000
1004 0.451571
1004 0.438356
1004 0.494152
1004 0.533532
1004 0.499239
1009 0.512745
1009 0.415039
1009 0.556291
1009 0.516865
1009 0.324561
1010 0.126478
1010 0.125268
1010 0.083429
1010 0.107514
1010 0.121071
1006 0.089356
1006 0.154050
1006 0.118182
1006 0.112418
1006 0.109572
1039 0.026344
1039 0.082730
1039 0.056968
1039 0.044761
1039 0.049061
1007 0.086634
1007 0.065385
1007 0.128477
1007 0.094595
1007 0.083220
1031 0.551983
1031 0.567597
1031 0.476503
1031 0.552660
1031 0.548317
1013 0.095960
1013 0.141593
1013 0.156177
1013 0.209026
1013 0.179122
1005 0.138165
1005 0.192090
1005 0.169643
1005 0.180602
1005 0.189310
1034 0.097412
1034 0.140351
1034 0.080972
1034 0.175134
1034 0.251497
1003 0.020592
1003 0.049938
1003 0.065757
1003 0.085000
1003 0.092040
1036 0.005109
1036 0.000000
1036 0.011050
1036 0.016593
1036 0.004785
1012 0.977860
1012 0.986164
1012 0.993395
1012 0.985149
1012 0.991390
1008 0.021680
1008 0.009938
1008 0.016816
1008 0.014634
1008 0.028249
1037 0.013597
1037 0.163031
1037 0.156906
1037 0.199571
1037 0.230601
1027 0.010323
1027 0.023839
1027 0.032510
1027 0.014379
1027 0.012016
1001 0.424424
1001 0.650743
1001 0.654167
1001 0.636069
1001 0.765208
1011 0.395570
1011 0.531702
1011 0.475664
1011 0.450658
1011 0.436170
1032 0.227124
1032 0.272260
1032 0.306291
1032 0.297800
1032 0.248705
1029 0.045858
1029 0.022911
1029 0.078322
1029 0.055777
1029 0.068554
1033 0.081942
1033 0.084548
1033 0.080717
1033 0.103976
1033 0.085260
1002 0.000000
1002 0.004673
1002 0.002994
1002 0.000000
1002 0.004894
1030 0.007752
1030 0.017488
1030 0.018092
1030 0.011218
1030 0.034743
1035 0.048673
1035 0.023121
1035 0.077863
1035 0.046083
1035 0.047695
1038 0.255011
1038 0.204131
1038 0.235495
1038 0.232711
1038 0.197304
1028 0.003293
1028 0.004391
1028 0.017602
1028 0.008092
1028 0.000000
1004 0.395983
1004 0.392857
1004 0.266467
1004 0.196018
1004 0.310832
1009 0.446411
1009 0.410281
1009 0.521401
1009 0.365269
1009 0.384837
1010 0.133247
1010 0.121728
1010 0.136364
1010 0.075758
1010 0.169448
1006 0.065882
1006 0.114522
1006 0.128141
1006 0.096624
1006 0.179548
1039 0.063636
1039 0.050761
1039 0.056237
1039 0.068410
1039 0.044310
1007 0.016376
1007 0.024277
1007 0.017052
1007 0.047677
1007 0.029091
1031 0.119863
1031 0.023041
1031 0.076696
1031 0.139154
1031 0.120815
1013 0.176536
1013 0.126708
1013 0.136139
1013 0.185556
1013 0.165389
1005 0.089165
1005 0.106605
1005 0.092807
1005 0.119351
1005 0.133795
1034 0.100877
1034 0.143836
1034 0.094391
1034 0.095178
1034 0.115538
1003 0.137384
1003 0.096433
1003 0.114323
1003 0.063274
1003 0.070000
1036 0.000000
1036 0.000000
1036 0.001412
1036 0.000000
1036 0.006196
1012 0.979730
1012 0.985459
1012 0.974857
1012 0.989924
1012 0.992099
1008 0.014797
1008 0.019789
1008 0.013889
1008 0.022360
1008 0.020804
1037 0.038018
1037 0.163330
1037 0.016432
1037 0.103939
1037 0.186441
1027 0.001350
1027 0.002755
1027 0.015048
1027 0.015559
1027 0.011380
1001 0.454545
1001 0.392045
1001 0.430310
1001 0.390713
1001 0.426829
1011 0.071521
1011 0.093671
1011 0.073138
1011 0.119840
1011 0.082999
1032 0.179045
1032 0.285088
1032 0.288722
1032 0.274889
1032 0.271261
1029 0.210767
1029 0.362676
1029 0.318594
1029 0.197232
1029 0.167431
1033 0.070721
1033 0.051316
1033 0.077029
1033 0.110041
1033 0.148529
1002 0.055785
1002 0.050515
1002 0.033934
1002 0.031546
1002 0.026795
1030 0.004896
1030 0.001311
1030 0.004884
1030 0.004837
1030 0.006061
1035 0.000000
1035 0.000000
1035 0.004561
1035 0.001114
1035 0.012195
1038 0.015764
1038 0.107246
1038 0.145914
1038 0.124158
1038 0.104270
1028 0.000000
1028 0.013944
1028 0.004916
1028 0.003119
1028 0.001054
1004 0.675297
1004 0.544956
1004 0.603333
1004 0.567861
1004 0.591444
1009 0.014679
1009 0.043884
1009 0.036509
1009 0.035584
1009 0.015596
1010 0.176106
1010 0.158602
1010 0.182469
1010 0.181197
1010 0.161290
1006 0.213115
1006 0.175258
1006 0.116118
1006 0.196596
1006 0.191805
1039 0.370335
1039 0.329556
1039 0.277937
1039 0.289398
1039 0.257502
1007 0.152989
1007 0.162487
1007 0.154545
1007 0.198161
1007 0.193353
1031 0.077009
1031 0.039568
1031 0.035672
1031 0.036817
1031 0.051136
1013 0.073918
1013 0.089583
1013 0.163599
1013 0.084396
1013 0.113614
1005 0.005030
1005 0.003128
1005 0.003311
1005 0.001121
1005 0.006586
1034 0.011246
1034 0.047059
1034 0.047337
1034 0.067633
1034 0.066029
1003 0.091623
1003 0.102731
1003 0.083541
1003 0.088808
1003 0.102332
1036 0.015534
1036 0.024752
1036 0.042802
1036 0.048295
1036 0.030815
1012 0.804327
1012 0.816874
1012 0.864374
1012 0.881592
1012 0.923459
1008 0.026528
1008 0.008351
1008 0.008791
1008 0.012672
1008 0.016251
1037 0.338772
1037 0.285442
1037 0.291317
1037 0.237651
1037 0.160377
1027 0.046673
1027 0.051463
1027 0.081633
1027 0.055172
1027 0.130687
1001 0.055799
1001 0.062245
1001 0.057495
1001 0.048370
1001 0.056095
1011 0.012082
1011 0.012311
1011 0.020314
1011 0.021617
1011 0.014231
1032 0.159555
1032 0.053741
1032 0.131880
1032 0.104663
1032 0.242095
1029 0.060811
1029 0.002125
1029 0.002148
1029 0.002195
1029 0.000000
1033 0.044199
1033 0.097365
1033 0.130820
1033 0.076336
1033 0.140065
1002 0.115122
1002 0.105523
1002 0.123396
1002 0.080471
1002 0.129647
1030 0.016048
1030 0.025078
1030 0.017017
1030 0.012384
1030 0.011033
1035 0.016098
1035 0.037975
1035 0.053333
1035 0.038498
1035 0.014006
1038 0.196412
1038 0.273921
1038 0.324222
1038 0.324374
1038 0.309339
1028 0.041339
1028 0.020568
1028 0.022931
1028 0.012524
1028 0.016206
1004 0.794979
1004 0.658228
1004 0.733766
1004 0.794177
1004 0.851891
1009 0.068345
1009 0.044037
1009 0.040468
1009 0.048669
1009 0.061892
1010 0.279130
1010 0.260984
1010 0.296456
1010 0.289048
1010 0.210909
1006 0.122526
1006 0.112150
1006 0.159091
1006 0.155436
1006 0.204887
1039 0.504282
1039 0.414563
1039 0.329293
1039 0.304391
1039 0.249755
1007 0.184049
1007 0.127363
1007 0.187110
1007 0.249485
1007 0.248497
1031 0.040217
1031 0.129386
1031 0.081081
1031 0.083064
1031 0.067553
1013 0.184185
1013 0.271780
1013 0.172780
1013 0.152153
1013 0.147493
1005 0.055605
1005 0.159574
1005 0.156195
1005 0.178445
1005 0.176575
1034 0.030151
1034 0.077909
1034 0.071359
1034 0.078947
1034 0.075472
1003 0.239362
1003 0.194416
1003 0.169888
1003 0.157729
1003 0.137168
1036 0.037904
1036 0.002101
1036 0.004145
1036 0.002119
1036 0.006834
1012 0.604905
1012 0.516304
1012 0.544076
1012 0.552656
1012 0.492417
1008 0.027125
1008 0.044465
1008 0.026954
1008 0.023009
1008 0.028973
1037 0.439134
1037 0.382998
1037 0.369037
1037 0.369565
1037 0.346369
1027 0.125379
1027 0.051619
1027 0.034343
1027 0.062176
1027 0.033916
1001 0.148184
1001 0.106339
1001 0.139648
1001 0.147317
1001 0.172281
1011 0.128942
1011 0.187500
1011 0.189605
1011 0.194829
1011 0.199813
1032 0.139932
1032 0.100000
1032 0.090710
1032 0.181120
1032 0.078141
1029 0.049669
1029 0.010929
1029 0.003308
1029 0.007439
1029 0.056156
1033 0.067179
1033 0.091535
1033 0.105425
1033 0.153680
1033 0.120219
1002 0.050883
1002 0.140281
1002 0.100301
1002 0.102434
1002 0.119491
1030 0.108230
1030 0.163636
1030 0.189636
1030 0.100230
1030 0.054115
1035 0.000000
1035 0.037886
1035 0.011078
1035 0.032869
1035 0.003018
1038 0.249049
1038 0.276163
1038 0.315843
1038 0.250743
1038 0.283439
1028 0.020450
1028 0.012846
1028 0.013279
1028 0.028866
1028 0.044444
1004 0.753158
1004 0.745370
1004 0.754647
1004 0.774977
1004 0.854701
1009 0.104323
1009 0.101476
1009 0.029439
1009 0.141844
1009 0.127208
1010 0.265948
1010 0.246869
1010 0.223003
1010 0.264167
1010 0.254433
1006 0.162138
1006 0.153493
1006 0.150459
1006 0.166210
1006 0.101791
1039 0.447368
1039 0.397059
1039 0.394867
1039 0.382493
1039 0.367328
1007 0.256890
1007 0.183773
1007 0.190989
1007 0.206287
1007 0.210784
1031 0.181120
1031 0.057113
1031 0.044103
1031 0.042770
1031 0.045016
1013 0.070407
1013 0.213996
1013 0.129568
1013 0.132804
1013 0.188406
1005 0.188163
1005 0.200939
1005 0.168569
1005 0.147919
1005 0.175325
1034 0.029680
1034 0.051435
1034 0.069874
1034 0.047344
1034 0.014365
1003 0.269188
1003 0.164278
1003 0.275313
1003 0.204522
1003 0.193119
1036 0.040541
1036 0.044231
1036 0.001075
1036 0.041706
1036 0.010848
1012 0.400512
1012 0.504365
1012 0.551498
1012 0.473638
1012 0.475000
1008 0.035682
1008 0.032200
1008 0.040205
1008 0.021016
1008 0.019965
1037 0.498084
1037 0.373106
1037 0.301228
1037 0.236416
1037 0.363107
1027 0.007576
1027 0.012061
1027 0.019355
1027 0.017937
1027 0.039320
1001 0.708000
1001 0.595192
1001 0.668279
1001 0.752757
1001 0.656673
1011 0.205827
1011 0.245283
1011 0.262727
1011 0.202627
1011 0.218182
1032 0.279863
1032 0.143179
1032 0.202733
1032 0.109878
1032 0.230193
1029 0.045561
1029 0.031042
1029 0.031355
1029 0.032658
1029 0.046750
1033 0.048423
1033 0.052632
1033 0.076030
1033 0.060988
1033 0.086207
1002 0.210068
1002 0.105825
1002 0.177264
1002 0.163127
1002 0.074396
1030 0.147090
1030 0.120968
1030 0.067265
1030 0.069849
1030 0.063158
1035 0.019830
1035 0.061284
1035 0.044359
1035 0.051758
1035 0.118744
1038 0.318138
1038 0.324298
1038 0.367136
1038 0.399423
1038 0.348170
1028 0.020916
1028 0.023023
1028 0.004115
1028 0.004049
1028 0.017476
1004 0.835041
1004 0.763709
1004 0.710233
1004 0.704312
1004 0.723512
1009 0.198140
1009 0.175503
1009 0.180113
1009 0.159407
1009 0.145946
1010 0.093321
1010 0.154338
1010 0.155004
1010 0.169288
1010 0.188546
1006 0.117481
1006 0.135849
1006 0.152607
1006 0.156580
1006 0.159218
1039 0.319048
1039 0.459433
1039 0.375118
1039 0.335835
1039 0.334308
1007 0.111727
1007 0.113043
1007 0.103984
1007 0.149414
1007 0.146123
1031 0.104000
1031 0.045244
1031 0.056098
1031 0.055000
1031 0.036364
1013 0.145046
1013 0.150249
1013 0.154000
1013 0.194416
1013 0.286550
1005 0.123894
1005 0.172906
1005 0.182540
1005 0.117860
1005 0.127087
1034 0.032333
1034 0.098015
1034 0.092308
1034 0.075682
1034 0.137019
1003 0.311493
1003 0.281216
1003 0.152446
1003 0.178082
1003 0.287716
1036 0.039648
1036 0.002828
1036 0.022044
1036 0.016427
1036 0.005400
1012 0.479428
1012 0.604651
1012 0.588126
1012 0.562734
1012 0.494031
1008 0.035605
1008 0.014409
1008 0.008929
1008 0.003799
1008 0.009533
1037 0.532819
1037 0.197751
1037 0.273070
1037 0.241121
1037 0.333986
1027 0.227741
1027 0.290196
1027 0.299220
1027 0.193387
1027 0.302302
1001 0.398157
1001 0.272134
1001 0.335842
1001 0.234759
1001 0.315789
1011 0.190114
1011 0.232401
1011 0.252427
1011 0.204311
1011 0.238189
1032 0.182116
1032 0.200000
1032 0.224719
1032 0.243660
1032 0.196035
1029 0.012776
1029 0.039120
1029 0.051130
1029 0.017202
1029 0.016010
1033 0.114486
1033 0.029885
1033 0.123095
1033 0.083825
1033 0.043931
