# Created by Octave 4.2.1, Sat Sep 28 18:10:06 2019 CEST <dagigo1@EVIRL-035-OK>
# name: w
# type: matrix
# rows: 1281
# columns: 2
 -3300 3300
 -2.286e+05 2.286e+05
 -5.024e+05 5.024e+05
 2.188e+05 -2.188e+05
 -4.806e+05 4.806e+05
 6.184e+05 -6.184e+05
 -1.535e+05 1.535e+05
 1.377e+06 -1.377e+06
 1.064e+06 -1.064e+06
 6.538e+05 -6.538e+05
 6.845e+05 -6.845e+05
 -9.439e+05 9.439e+05
 -1.639e+05 1.639e+05
 -6.92e+05 6.92e+05
 1.199e+04 -1.199e+04
 2.874e+05 -2.874e+05
 5.271e+05 -5.271e+05
 1.28e+05 -1.28e+05
 3.901e+04 -3.901e+04
 5.033e+05 -5.033e+05
 -1.848e+05 1.848e+05
 -2.533e+05 2.533e+05
 -3.987e+05 3.987e+05
 -6.463e+05 6.463e+05
 3.122e+05 -3.122e+05
 -5.533e+04 5.533e+04
 -3.798e+04 3.798e+04
 -2.735e+05 2.735e+05
 -2.019e+04 2.019e+04
 2.736e+05 -2.736e+05
 -1.843e+05 1.843e+05
 -2.8e+05 2.8e+05
 1.225e+06 -1.225e+06
 -2.228e+05 2.228e+05
 -5.887e+05 5.887e+05
 2.006e+05 -2.006e+05
 -7.05e+04 7.05e+04
 -1.685e+05 1.685e+05
 -6.983e+05 6.983e+05
 9.233e+05 -9.233e+05
 -2.024e+05 2.024e+05
 -4.493e+05 4.493e+05
 -1.25e+05 1.25e+05
 1.727e+05 -1.727e+05
 -8.475e+05 8.475e+05
 -3.67e+05 3.67e+05
 -1.939e+04 1.939e+04
 -3.649e+05 3.649e+05
 1.544e+05 -1.544e+05
 -5.613e+05 5.613e+05
 -2.733e+05 2.733e+05
 1.415e+05 -1.415e+05
 -1.122e+05 1.122e+05
 3.163e+05 -3.163e+05
 1.006e+06 -1.006e+06
 1.544e+05 -1.544e+05
 -4.745e+05 4.745e+05
 4.014e+05 -4.014e+05
 -7.361e+04 7.361e+04
 -2.094e+05 2.094e+05
 -4.358e+05 4.358e+05
 -2493 2493
 1.482e+05 -1.482e+05
 -4.937e+05 4.937e+05
 -9.291e+05 9.291e+05
 -2.294e+05 2.294e+05
 7489 -7489
 -5.541e+04 5.541e+04
 1.269e+05 -1.269e+05
 1.068e+06 -1.068e+06
 1.392e+05 -1.392e+05
 6.834e+04 -6.834e+04
 -3.81e+04 3.81e+04
 -3.099e+05 3.099e+05
 3.311e+05 -3.311e+05
 -1.83e+05 1.83e+05
 6.957e+05 -6.957e+05
 5.639e+05 -5.639e+05
 4.126e+05 -4.126e+05
 3.052e+05 -3.052e+05
 3.281e+04 -3.281e+04
 2.904e+05 -2.904e+05
 -9916 9916
 2.874e+05 -2.874e+05
 1.374e+04 -1.374e+04
 2.805e+05 -2.805e+05
 6.957e+04 -6.957e+04
 5367 -5367
 -8.763e+05 8.763e+05
 1.755e+04 -1.755e+04
 -4.7e+05 4.7e+05
 -1.935e+05 1.935e+05
 1.934e+05 -1.934e+05
 -7.1e+04 7.1e+04
 -4760 4760
 4.838e+05 -4.838e+05
 -1.696e+05 1.696e+05
 -1.983e+05 1.983e+05
 4.627e+04 -4.627e+04
 7.276e+04 -7.276e+04
 -7.651e+04 7.651e+04
 3.533e+05 -3.533e+05
 -3.987e+05 3.987e+05
 -2.444e+05 2.444e+05
 -5.438e+05 5.438e+05
 6.272e+05 -6.272e+05
 3.958e+04 -3.958e+04
 -1.283e+05 1.283e+05
 2400 -2400
 -5.858e+04 5.858e+04
 -6.101e+05 6.101e+05
 -3.075e+05 3.075e+05
 3.564e+05 -3.564e+05
 1.776e+05 -1.776e+05
 -9.677e+05 9.677e+05
 -6.633e+05 6.633e+05
 3.108e+05 -3.108e+05
 -5.717e+04 5.717e+04
 -3.146e+05 3.146e+05
 -3.954e+05 3.954e+05
 1.364e+05 -1.364e+05
 2.974e+05 -2.974e+05
 1.326e+05 -1.326e+05
 4.95e+05 -4.95e+05
 2.328e+05 -2.328e+05
 -2.287e+05 2.287e+05
 1.072e+05 -1.072e+05
 1.347e+05 -1.347e+05
 2.348e+05 -2.348e+05
 1.196e+05 -1.196e+05
 1.799e+05 -1.799e+05
 2.229e+05 -2.229e+05
 -9.448e+04 9.448e+04
 -4.99e+05 4.99e+05
 1.474e+05 -1.474e+05
 7.473e+04 -7.473e+04
 -1.118e+05 1.118e+05
 1.252e+05 -1.252e+05
 -1.74e+05 1.74e+05
 2.708e+04 -2.708e+04
 -4800 4800
 6.285e+04 -6.285e+04
 6.222e+04 -6.222e+04
 -3.107e+05 3.107e+05
 -6.908e+05 6.908e+05
 -5.201e+05 5.201e+05
 4.018e+05 -4.018e+05
 3.79e+05 -3.79e+05
 4.842e+05 -4.842e+05
 5.096e+04 -5.096e+04
 1.194e+06 -1.194e+06
 -1.452e+04 1.452e+04
 2.193e+05 -2.193e+05
 6.339e+05 -6.339e+05
 4.752e+05 -4.752e+05
 3.241e+05 -3.241e+05
 -1.888e+05 1.888e+05
 2.225e+04 -2.225e+04
 -2.503e+05 2.503e+05
 -3.366e+05 3.366e+05
 -1.246e+05 1.246e+05
 2.543e+05 -2.543e+05
 -1.727e+06 1.727e+06
 -1.81e+05 1.81e+05
 4.94e+04 -4.94e+04
 -4.429e+05 4.429e+05
 -3.369e+05 3.369e+05
 -4.072e+05 4.072e+05
 -1.151e+05 1.151e+05
 -2.996e+05 2.996e+05
 2.641e+05 -2.641e+05
 2.187e+05 -2.187e+05
 1.005e+06 -1.005e+06
 1.068e+05 -1.068e+05
 -4.18e+04 4.18e+04
 1.246e+05 -1.246e+05
 3.566e+05 -3.566e+05
 2.897e+05 -2.897e+05
 1.114e+04 -1.114e+04
 3.156e+05 -3.156e+05
 3.176e+05 -3.176e+05
 -3.272e+05 3.272e+05
 -2.306e+05 2.306e+05
 -2.158e+05 2.158e+05
 1.427e+05 -1.427e+05
 1.449e+05 -1.449e+05
 3.161e+05 -3.161e+05
 -5.958e+05 5.958e+05
 -5.227e+05 5.227e+05
 -1.424e+05 1.424e+05
 3.57e+05 -3.57e+05
 -2.713e+05 2.713e+05
 1.674e+05 -1.674e+05
 5.972e+04 -5.972e+04
 6.031e+04 -6.031e+04
 1.917e+05 -1.917e+05
 -2.449e+05 2.449e+05
 3.546e+05 -3.546e+05
 7.927e+05 -7.927e+05
 -1.913e+05 1.913e+05
 -3.948e+05 3.948e+05
 -5.165e+05 5.165e+05
 5.505e+05 -5.505e+05
 3.265e+04 -3.265e+04
 2.434e+04 -2.434e+04
 -2.58e+05 2.58e+05
 -2.136e+05 2.136e+05
 -1.671e+05 1.671e+05
 -4.058e+05 4.058e+05
 6.648e+05 -6.648e+05
 -6.154e+05 6.154e+05
 -2.105e+05 2.105e+05
 -4.113e+05 4.113e+05
 -1.221e+05 1.221e+05
 2.154e+05 -2.154e+05
 -6.298e+05 6.298e+05
 -1.689e+05 1.689e+05
 -3.78e+05 3.78e+05
 8.835e+04 -8.835e+04
 -2.85e+05 2.85e+05
 -7.671e+05 7.671e+05
 4.121e+05 -4.121e+05
 1.01e+05 -1.01e+05
 2.397e+05 -2.397e+05
 -7.082e+04 7.082e+04
 -4.025e+04 4.025e+04
 1.757e+05 -1.757e+05
 2.452e+05 -2.452e+05
 4.2e+05 -4.2e+05
 3.778e+05 -3.778e+05
 -3.81e+05 3.81e+05
 1.282e+06 -1.282e+06
 -3.535e+05 3.535e+05
 -2.615e+05 2.615e+05
 -3.084e+05 3.084e+05
 -3.391e+05 3.391e+05
 2.772e+05 -2.772e+05
 -5.038e+04 5.038e+04
 -4.201e+05 4.201e+05
 -3.185e+05 3.185e+05
 -2.662e+05 2.662e+05
 1.825e+05 -1.825e+05
 -1.553e+05 1.553e+05
 2.306e+05 -2.306e+05
 -7.069e+05 7.069e+05
 -5.188e+05 5.188e+05
 1.765e+05 -1.765e+05
 -8.392e+04 8.392e+04
 -2.01e+05 2.01e+05
 -6232 6232
 1.956e+05 -1.956e+05
 -1.874e+05 1.874e+05
 3.302e+05 -3.302e+05
 -4.488e+05 4.488e+05
 5.628e+04 -5.628e+04
 -2.997e+04 2.997e+04
 -3.301e+05 3.301e+05
 -7.244e+05 7.244e+05
 3.144e+05 -3.144e+05
 1.342e+05 -1.342e+05
 4.059e+05 -4.059e+05
 1.813e+05 -1.813e+05
 2.352e+05 -2.352e+05
 -7430 7430
 2.977e+04 -2.977e+04
 -1.091e+05 1.091e+05
 -6.088e+05 6.088e+05
 -4.496e+05 4.496e+05
 -4.029e+05 4.029e+05
 5.098e+05 -5.098e+05
 4.415e+05 -4.415e+05
 -4.115e+05 4.115e+05
 -7.134e+05 7.134e+05
 -1.279e+04 1.279e+04
 5.258e+05 -5.258e+05
 -1.971e+04 1.971e+04
 -5.846e+05 5.846e+05
 -5.67e+05 5.67e+05
 -6.1e+05 6.1e+05
 -4.885e+05 4.885e+05
 -1.537e+05 1.537e+05
 5.949e+05 -5.949e+05
 -3.601e+05 3.601e+05
 -4.538e+04 4.538e+04
 -7.612e+04 7.612e+04
 -8.314e+05 8.314e+05
 2.789e+05 -2.789e+05
 4.513e+05 -4.513e+05
 3.879e+05 -3.879e+05
 -5.142e+05 5.142e+05
 -6.612e+05 6.612e+05
 2.248e+05 -2.248e+05
 1.187e+05 -1.187e+05
 1.64e+05 -1.64e+05
 3.664e+04 -3.664e+04
 -2.217e+05 2.217e+05
 6.131e+05 -6.131e+05
 6.854e+05 -6.854e+05
 -3.822e+05 3.822e+05
 -6.819e+05 6.819e+05
 4.822e+05 -4.822e+05
 6.941e+04 -6.941e+04
 5.895e+04 -5.895e+04
 -1.382e+05 1.382e+05
 -6.84e+05 6.84e+05
 3.072e+05 -3.072e+05
 -5.115e+05 5.115e+05
 3.773e+05 -3.773e+05
 7.076e+05 -7.076e+05
 -1.127e+05 1.127e+05
 2.08e+05 -2.08e+05
 2.774e+04 -2.774e+04
 -4.73e+05 4.73e+05
 -6.224e+05 6.224e+05
 -4.351e+04 4.351e+04
 -1.47e+06 1.47e+06
 1.903e+05 -1.903e+05
 7.368e+05 -7.368e+05
 2.935e+05 -2.935e+05
 -1.107e+05 1.107e+05
 1.977e+05 -1.977e+05
 -4.48e+05 4.48e+05
 4.841e+04 -4.841e+04
 1.816e+05 -1.816e+05
 -2.04e+05 2.04e+05
 -4.433e+05 4.433e+05
 4.859e+05 -4.859e+05
 -4.239e+04 4.239e+04
 -9.572e+05 9.572e+05
 -5.693e+05 5.693e+05
 -2.313e+05 2.313e+05
 8.202e+04 -8.202e+04
 -1.77e+05 1.77e+05
 5.374e+04 -5.374e+04
 6.025e+05 -6.025e+05
 -6.35e+05 6.35e+05
 9.819e+04 -9.819e+04
 3.21e+05 -3.21e+05
 -8.418e+05 8.418e+05
 -5.929e+04 5.929e+04
 4.758e+04 -4.758e+04
 -3.369e+05 3.369e+05
 -7.552e+04 7.552e+04
 4.927e+05 -4.927e+05
 4.635e+05 -4.635e+05
 1.326e+05 -1.326e+05
 -3.283e+05 3.283e+05
 2.12e+05 -2.12e+05
 6.428e+05 -6.428e+05
 1.97e+05 -1.97e+05
 -2.767e+05 2.767e+05
 2.714e+05 -2.714e+05
 -1.049e+05 1.049e+05
 -1.773e+05 1.773e+05
 -4.296e+05 4.296e+05
 -1966 1966
 -3.563e+05 3.563e+05
 3.423e+04 -3.423e+04
 4.152e+05 -4.152e+05
 -7.685e+05 7.685e+05
 1.362e+05 -1.362e+05
 2.12e+05 -2.12e+05
 -7.321e+05 7.321e+05
 -2.996e+05 2.996e+05
 2.76e+05 -2.76e+05
 -5.409e+04 5.409e+04
 3.323e+05 -3.323e+05
 -1.454e+05 1.454e+05
 -5.266e+04 5.266e+04
 -4.105e+05 4.105e+05
 8.515e+05 -8.515e+05
 -1.213e+05 1.213e+05
 1.21e+05 -1.21e+05
 -3.209e+05 3.209e+05
 -1.787e+04 1.787e+04
 3.388e+05 -3.388e+05
 6.17e+05 -6.17e+05
 2.083e+05 -2.083e+05
 -6.799e+05 6.799e+05
 -5.152e+05 5.152e+05
 3.459e+05 -3.459e+05
 -5.475e+04 5.475e+04
 1.372e+05 -1.372e+05
 -2.747e+05 2.747e+05
 -7.756e+04 7.756e+04
 -1.329e+04 1.329e+04
 -6.205e+04 6.205e+04
 -8.768e+05 8.768e+05
 1.906e+05 -1.906e+05
 -3.324e+05 3.324e+05
 3.746e+05 -3.746e+05
 -4.822e+05 4.822e+05
 1.243e+05 -1.243e+05
 8.956e+05 -8.956e+05
 -1.231e+05 1.231e+05
 6.472e+05 -6.472e+05
 -3.775e+05 3.775e+05
 3.984e+05 -3.984e+05
 1.459e+05 -1.459e+05
 -9.16e+04 9.16e+04
 3.511e+05 -3.511e+05
 -6.956e+05 6.956e+05
 -7.264e+05 7.264e+05
 -6.422e+05 6.422e+05
 1.989e+05 -1.989e+05
 -5.088e+05 5.088e+05
 7.921e+04 -7.921e+04
 -6.267e+05 6.267e+05
 5.423e+05 -5.423e+05
 -4.518e+04 4.518e+04
 -2.406e+05 2.406e+05
 -1.903e+05 1.903e+05
 -6.601e+04 6.601e+04
 -2.34e+04 2.34e+04
 -4.919e+04 4.919e+04
 -1.081e+05 1.081e+05
 6.408e+05 -6.408e+05
 -4.57e+05 4.57e+05
 -6.306e+05 6.306e+05
 1.893e+05 -1.893e+05
 8.978e+04 -8.978e+04
 5.904e+05 -5.904e+05
 -2.936e+05 2.936e+05
 -6.405e+05 6.405e+05
 -2.224e+05 2.224e+05
 6.78e+05 -6.78e+05
 3.678e+04 -3.678e+04
 -1.458e+05 1.458e+05
 -4.143e+05 4.143e+05
 -6.722e+05 6.722e+05
 7.311e+04 -7.311e+04
 4.526e+05 -4.526e+05
 -5.821e+05 5.821e+05
 -9.411e+04 9.411e+04
 2.671e+05 -2.671e+05
 -1.165e+05 1.165e+05
 7.465e+05 -7.465e+05
 -1.922e+05 1.922e+05
 2.061e+05 -2.061e+05
 7.723e+04 -7.723e+04
 -2.977e+05 2.977e+05
 -3.5 3.5
 -8.41e+05 8.41e+05
 2.962e+05 -2.962e+05
 -1.33e+05 1.33e+05
 -2.357e+05 2.357e+05
 -2.786e+04 2.786e+04
 -9.631e+04 9.631e+04
 4.127e+05 -4.127e+05
 1.515e+05 -1.515e+05
 -2.053e+05 2.053e+05
 1.359e+05 -1.359e+05
 1.313e+04 -1.313e+04
 1.634e+05 -1.634e+05
 3.621e+05 -3.621e+05
 -4.376e+05 4.376e+05
 7.446e+04 -7.446e+04
 -1.973e+05 1.973e+05
 -2.268e+05 2.268e+05
 -2.553e+05 2.553e+05
 -1.607e+05 1.607e+05
 5.92e+05 -5.92e+05
 2.48e+05 -2.48e+05
 -7.408e+04 7.408e+04
 -4.946e+05 4.946e+05
 -4.836e+05 4.836e+05
 -1.33e+05 1.33e+05
 -1.495e+05 1.495e+05
 -1.965e+05 1.965e+05
 2.271e+04 -2.271e+04
 5.535e+05 -5.535e+05
 5.82e+05 -5.82e+05
 6.781e+04 -6.781e+04
 -8.01e+04 8.01e+04
 2.566e+05 -2.566e+05
 1.882e+05 -1.882e+05
 -1.033e+06 1.033e+06
 -1.1e+05 1.1e+05
 1.11e+06 -1.11e+06
 8.262e+04 -8.262e+04
 1.972e+05 -1.972e+05
 -3.843e+05 3.843e+05
 -1.707e+05 1.707e+05
 -4.625e+05 4.625e+05
 -1.505e+05 1.505e+05
 -3.569e+05 3.569e+05
 -1.491e+05 1.491e+05
 -3.685e+05 3.685e+05
 9.719e+04 -9.719e+04
 5.021e+05 -5.021e+05
 1.558e+04 -1.558e+04
 2.684e+05 -2.684e+05
 -2.048e+05 2.048e+05
 -2.34e+05 2.34e+05
 2.344e+05 -2.344e+05
 -6.017e+05 6.017e+05
 -9.014e+04 9.014e+04
 5.79e+05 -5.79e+05
 -4.327e+05 4.327e+05
 -1.597e+05 1.597e+05
 -1.38e+05 1.38e+05
 2.18e+05 -2.18e+05
 1.957e+05 -1.957e+05
 3.271e+05 -3.271e+05
 -2.141e+05 2.141e+05
 -7.166e+04 7.166e+04
 1.663e+05 -1.663e+05
 -8.427e+05 8.427e+05
 4.275e+05 -4.275e+05
 1.373e+05 -1.373e+05
 -4.233e+05 4.233e+05
 -1.921e+05 1.921e+05
 -3.785e+05 3.785e+05
 2.776e+05 -2.776e+05
 2.643e+05 -2.643e+05
 -3.054e+04 3.054e+04
 3.115e+05 -3.115e+05
 2.833e+05 -2.833e+05
 -8.659e+04 8.659e+04
 3.651e+05 -3.651e+05
 -8.423e+04 8.423e+04
 -2.5e+05 2.5e+05
 -4.855e+05 4.855e+05
 8.212e+04 -8.212e+04
 -5.136e+05 5.136e+05
 3.402e+05 -3.402e+05
 -3.603e+05 3.603e+05
 -4.53e+05 4.53e+05
 1351 -1351
 2.208e+05 -2.208e+05
 -4.692e+04 4.692e+04
 -2.887e+05 2.887e+05
 -4.825e+04 4.825e+04
 -3.868e+05 3.868e+05
 4.907e+05 -4.907e+05
 1.426e+04 -1.426e+04
 -2.93e+05 2.93e+05
 -3.349e+05 3.349e+05
 2.89e+05 -2.89e+05
 -1.655e+05 1.655e+05
 2.259e+04 -2.259e+04
 4.994e+05 -4.994e+05
 3.557e+05 -3.557e+05
 7.244e+05 -7.244e+05
 1.828e+05 -1.828e+05
 -2.371e+05 2.371e+05
 -4.612e+05 4.612e+05
 3.967e+05 -3.967e+05
 -2.611e+05 2.611e+05
 1.387e+05 -1.387e+05
 2.144e+04 -2.144e+04
 8.175e+05 -8.175e+05
 3.9e+05 -3.9e+05
 -4.508e+05 4.508e+05
 6.138e+05 -6.138e+05
 1.327e+06 -1.327e+06
 6.572e+05 -6.572e+05
 6.056e+05 -6.056e+05
 6.71e+05 -6.71e+05
 -1.146e+05 1.146e+05
 -3.694e+04 3.694e+04
 -3.433e+05 3.433e+05
 6.668e+05 -6.668e+05
 6.125e+04 -6.125e+04
 -4.044e+05 4.044e+05
 2.567e+05 -2.567e+05
 2.079e+04 -2.079e+04
 -3.097e+05 3.097e+05
 1.33e+05 -1.33e+05
 -5.749e+04 5.749e+04
 -1.045e+05 1.045e+05
 2.986e+05 -2.986e+05
 2.996e+05 -2.996e+05
 6.484e+05 -6.484e+05
 -2.862e+05 2.862e+05
 -3.212e+05 3.212e+05
 -6.34e+05 6.34e+05
 -2.062e+05 2.062e+05
 -2.205e+05 2.205e+05
 -6.756e+05 6.756e+05
 -4.859e+05 4.859e+05
 -2.386e+05 2.386e+05
 6.852e+04 -6.852e+04
 -8.271e+05 8.271e+05
 -3.502e+05 3.502e+05
 -3.74e+05 3.74e+05
 -2.943e+05 2.943e+05
 -2.215e+05 2.215e+05
 1.688e+05 -1.688e+05
 1.092e+04 -1.092e+04
 -5.504e+05 5.504e+05
 -1.536e+05 1.536e+05
 -4.44e+04 4.44e+04
 6.146e+05 -6.146e+05
 5.42e+05 -5.42e+05
 7.227e+05 -7.227e+05
 -6.254e+05 6.254e+05
 -5.97e+04 5.97e+04
 6.047e+05 -6.047e+05
 8.209e+04 -8.209e+04
 -2.489e+05 2.489e+05
 4.813e+05 -4.813e+05
 -1.189e+05 1.189e+05
 -1.321e+05 1.321e+05
 -8.894e+04 8.894e+04
 -2.581e+05 2.581e+05
 3.345e+05 -3.345e+05
 -7.811e+05 7.811e+05
 2.297e+05 -2.297e+05
 4.569e+05 -4.569e+05
 1.63e+05 -1.63e+05
 -1.321e+05 1.321e+05
 2.08e+05 -2.08e+05
 8.748e+05 -8.748e+05
 -4.365e+05 4.365e+05
 9.012e+04 -9.012e+04
 4.215e+05 -4.215e+05
 3.915e+05 -3.915e+05
 -2.988e+05 2.988e+05
 -5.465e+05 5.465e+05
 4.765e+05 -4.765e+05
 -3.212e+05 3.212e+05
 2.885e+05 -2.885e+05
 -1.894e+05 1.894e+05
 3.439e+05 -3.439e+05
 -6.731e+05 6.731e+05
 7.055e+04 -7.055e+04
 -5.539e+05 5.539e+05
 2.237e+05 -2.237e+05
 2.597e+05 -2.597e+05
 -4.402e+05 4.402e+05
 1.215e+05 -1.215e+05
 1.084e+05 -1.084e+05
 3.994e+05 -3.994e+05
 2.113e+05 -2.113e+05
 2.665e+05 -2.665e+05
 3.041e+05 -3.041e+05
 -1.2e+06 1.2e+06
 -3.847e+04 3.847e+04
 -1.591e+04 1.591e+04
 6.414e+05 -6.414e+05
 -7.018e+04 7.018e+04
 -6541 6541
 3.693e+04 -3.693e+04
 5.855e+05 -5.855e+05
 9.611e+04 -9.611e+04
 -4.669e+04 4.669e+04
 5.303e+04 -5.303e+04
 -6.013e+05 6.013e+05
 -6.264e+05 6.264e+05
 2.772e+04 -2.772e+04
 3720 -3720
 -8.217e+04 8.217e+04
 -2.534e+05 2.534e+05
 6.427e+05 -6.427e+05
 2.368e+05 -2.368e+05
 4.856e+05 -4.856e+05
 1.987e+05 -1.987e+05
 4.349e+05 -4.349e+05
 5.099e+05 -5.099e+05
 3.25e+05 -3.25e+05
 3.116e+05 -3.116e+05
 2.443e+04 -2.443e+04
 -6.265e+04 6.265e+04
 -4.684e+05 4.684e+05
 -2.2e+05 2.2e+05
 7.044e+05 -7.044e+05
 1.477e+05 -1.477e+05
 -2.843e+05 2.843e+05
 6.152e+05 -6.152e+05
 2.44e+05 -2.44e+05
 -9.099e+05 9.099e+05
 4.502e+05 -4.502e+05
 -6.31e+05 6.31e+05
 -3.122e+05 3.122e+05
 1.382e+05 -1.382e+05
 2.576e+05 -2.576e+05
 4.302e+05 -4.302e+05
 3.879e+05 -3.879e+05
 -6.859e+05 6.859e+05
 -2.774e+05 2.774e+05
 5.503e+04 -5.503e+04
 2.199e+05 -2.199e+05
 7.206e+05 -7.206e+05
 -1.313e+05 1.313e+05
 -4.231e+05 4.231e+05
 -6.684e+05 6.684e+05
 -5.567e+05 5.567e+05
 1.026e+06 -1.026e+06
 -1.607e+05 1.607e+05
 3.9e+05 -3.9e+05
 4.759e+05 -4.759e+05
 2.777e+05 -2.777e+05
 4.732e+04 -4.732e+04
 -2.544e+05 2.544e+05
 1.338e+05 -1.338e+05
 5.096e+04 -5.096e+04
 4.949e+05 -4.949e+05
 3.757e+05 -3.757e+05
 -6.661e+04 6.661e+04
 2.999e+05 -2.999e+05
 -3.518e+05 3.518e+05
 7.388e+05 -7.388e+05
 7.346e+04 -7.346e+04
 -3.894e+05 3.894e+05
 4.615e+05 -4.615e+05
 2.174e+05 -2.174e+05
 1.224e+06 -1.224e+06
 3.016e+05 -3.016e+05
 5.387e+04 -5.387e+04
 -8.358e+04 8.358e+04
 -3.014e+05 3.014e+05
 -5.293e+05 5.293e+05
 2.516e+05 -2.516e+05
 -6.348e+05 6.348e+05
 -1.049e+05 1.049e+05
 -5.946e+05 5.946e+05
 1.689e+05 -1.689e+05
 -5.8e+05 5.8e+05
 -2.307e+05 2.307e+05
 -4e+05 4e+05
 6.754e+05 -6.754e+05
 -5.941e+05 5.941e+05
 5.929e+05 -5.929e+05
 2.655e+05 -2.655e+05
 3.183e+05 -3.183e+05
 -6.614e+05 6.614e+05
 7.114e+05 -7.114e+05
 4.184e+05 -4.184e+05
 4.022e+05 -4.022e+05
 5.8e+05 -5.8e+05
 -6.868e+05 6.868e+05
 -2.946e+04 2.946e+04
 3.096e+05 -3.096e+05
 -5.766e+05 5.766e+05
 -7.291e+05 7.291e+05
 7.724e+05 -7.724e+05
 -4.901e+05 4.901e+05
 4.082e+05 -4.082e+05
 -1.025e+06 1.025e+06
 2.489e+05 -2.489e+05
 1.671e+05 -1.671e+05
 -1.223e+06 1.223e+06
 -2.104e+04 2.104e+04
 -4.072e+05 4.072e+05
 -3.597e+05 3.597e+05
 3.891e+05 -3.891e+05
 -1.436e+05 1.436e+05
 -2884 2884
 -1.661e+05 1.661e+05
 4.525e+05 -4.525e+05
 -8.031e+05 8.031e+05
 -1.437e+06 1.437e+06
 1.176e+05 -1.176e+05
 8.181e+04 -8.181e+04
 -1.651e+05 1.651e+05
 6.722e+05 -6.722e+05
 3.089e+05 -3.089e+05
 -6.069e+05 6.069e+05
 -3.397e+05 3.397e+05
 -1.123e+06 1.123e+06
 2.487e+05 -2.487e+05
 -1.909e+04 1.909e+04
 -1.872e+04 1.872e+04
 5.225e+05 -5.225e+05
 -3.534e+05 3.534e+05
 -3.039e+05 3.039e+05
 3.396e+04 -3.396e+04
 1.05e+04 -1.05e+04
 2.663e+05 -2.663e+05
 -9.806e+04 9.806e+04
 -1.775e+05 1.775e+05
 1.811e+05 -1.811e+05
 -9.11e+04 9.11e+04
 5.542e+05 -5.542e+05
 7.303e+05 -7.303e+05
 -5.706e+05 5.706e+05
 5.532e+05 -5.532e+05
 5.414e+05 -5.414e+05
 -2.059e+06 2.059e+06
 -3.409e+05 3.409e+05
 -6.576e+04 6.576e+04
 5.811e+05 -5.811e+05
 -3.025e+05 3.025e+05
 -7.929e+04 7.929e+04
 2.78e+04 -2.78e+04
 1.409e+04 -1.409e+04
 -3.503e+05 3.503e+05
 1.002e+06 -1.002e+06
 -2.362e+05 2.362e+05
 1.746e+05 -1.746e+05
 -1.361e+06 1.361e+06
 -1.738e+05 1.738e+05
 2.522e+04 -2.522e+04
 8.993e+04 -8.993e+04
 -4.084e+05 4.084e+05
 -2.012e+05 2.012e+05
 -1.175e+05 1.175e+05
 -3.978e+05 3.978e+05
 -2.486e+05 2.486e+05
 -8.42e+04 8.42e+04
 3.011e+05 -3.011e+05
 1.518e+05 -1.518e+05
 3569 -3569
 2.123e+05 -2.123e+05
 -8.662e+04 8.662e+04
 -4.069e+05 4.069e+05
 1.652e+05 -1.652e+05
 -1.103e+05 1.103e+05
 -6.073e+05 6.073e+05
 -9671 9671
 -8.414e+05 8.414e+05
 -2.074e+05 2.074e+05
 4.212e+05 -4.212e+05
 -2.209e+05 2.209e+05
 -2.27e+05 2.27e+05
 -4.675e+04 4.675e+04
 -4.443e+05 4.443e+05
 2.107e+05 -2.107e+05
 9.124e+04 -9.124e+04
 -5.387e+05 5.387e+05
 5.827e+04 -5.827e+04
 -1.124e+04 1.124e+04
 -3.659e+04 3.659e+04
 -2.55e+05 2.55e+05
 1.537e+06 -1.537e+06
 -4155 4155
 -1.908e+05 1.908e+05
 -1.157e+05 1.157e+05
 3.395e+05 -3.395e+05
 -3.353e+05 3.353e+05
 5.029e+05 -5.029e+05
 2.161e+05 -2.161e+05
 4.813e+05 -4.813e+05
 1.255e+06 -1.255e+06
 7.392e+05 -7.392e+05
 -4.236e+05 4.236e+05
 1.283e+04 -1.283e+04
 5.361e+05 -5.361e+05
 -1.592e+05 1.592e+05
 4.586e+04 -4.586e+04
 -2.066e+05 2.066e+05
 1.221e+05 -1.221e+05
 1.892e+05 -1.892e+05
 -3.422e+05 3.422e+05
 -7.275e+05 7.275e+05
 2.088e+05 -2.088e+05
 -3.2e+05 3.2e+05
 8.841e+05 -8.841e+05
 1.884e+05 -1.884e+05
 1.847e+05 -1.847e+05
 -9.097e+05 9.097e+05
 -6.014e+05 6.014e+05
 2.534e+05 -2.534e+05
 2.035e+05 -2.035e+05
 7.46e+05 -7.46e+05
 -2.689e+05 2.689e+05
 1.683e+05 -1.683e+05
 -1.064e+05 1.064e+05
 3.936e+05 -3.936e+05
 -3.556e+05 3.556e+05
 1.981e+05 -1.981e+05
 -5.813e+05 5.813e+05
 -7.546e+05 7.546e+05
 2.768e+05 -2.768e+05
 1.201e+05 -1.201e+05
 -6.043e+05 6.043e+05
 2.485e+05 -2.485e+05
 3.204e+05 -3.204e+05
 -3.744e+05 3.744e+05
 -3.103e+05 3.103e+05
 -4597 4597
 -2.46e+05 2.46e+05
 -4.656e+05 4.656e+05
 -1.701e+05 1.701e+05
 1.09e+06 -1.09e+06
 -9.75e+05 9.75e+05
 1.251e+05 -1.251e+05
 5.875e+05 -5.875e+05
 2.872e+05 -2.872e+05
 -8.995e+05 8.995e+05
 -8.85e+04 8.85e+04
 7.398e+05 -7.398e+05
 -8.059e+04 8.059e+04
 -5.381e+04 5.381e+04
 -4.027e+05 4.027e+05
 -6.066e+05 6.066e+05
 -8.446e+05 8.446e+05
 2.49e+05 -2.49e+05
 1.325e+05 -1.325e+05
 -3.282e+05 3.282e+05
 -7.67e+04 7.67e+04
 1.589e+04 -1.589e+04
 2.677e+05 -2.677e+05
 -6.283e+05 6.283e+05
 -5.628e+05 5.628e+05
 -2.061e+05 2.061e+05
 1.006e+05 -1.006e+05
 2.557e+05 -2.557e+05
 -5.561e+05 5.561e+05
 -1.331e+05 1.331e+05
 7.738e+05 -7.738e+05
 4.733e+05 -4.733e+05
 2.537e+05 -2.537e+05
 -1.112e+06 1.112e+06
 1.648e+05 -1.648e+05
 -6.476e+05 6.476e+05
 -2.82e+05 2.82e+05
 3.622e+04 -3.622e+04
 7.73e+05 -7.73e+05
 -7.259e+04 7.259e+04
 2.315e+05 -2.315e+05
 -6.183e+05 6.183e+05
 -2.37e+05 2.37e+05
 -5.622e+05 5.622e+05
 -4.396e+05 4.396e+05
 4.825e+05 -4.825e+05
 5.288e+05 -5.288e+05
 -9.905e+04 9.905e+04
 4.262e+05 -4.262e+05
 2.058e+05 -2.058e+05
 4.165e+05 -4.165e+05
 1.484e+05 -1.484e+05
 1.658e+05 -1.658e+05
 4.611e+05 -4.611e+05
 -4.554e+05 4.554e+05
 5.601e+05 -5.601e+05
 -4.527e+05 4.527e+05
 2.789e+05 -2.789e+05
 1.928e+05 -1.928e+05
 7.365e+05 -7.365e+05
 -5.594e+05 5.594e+05
 4.53e+04 -4.53e+04
 -1.713e+05 1.713e+05
 8.914e+05 -8.914e+05
 3.029e+05 -3.029e+05
 6.027e+05 -6.027e+05
 5.291e+04 -5.291e+04
 -3.437e+04 3.437e+04
 3.023e+05 -3.023e+05
 -7.923e+04 7.923e+04
 -4.022e+05 4.022e+05
 2.516e+05 -2.516e+05
 -1.841e+05 1.841e+05
 4.455e+04 -4.455e+04
 1.215e+05 -1.215e+05
 -1.298e+05 1.298e+05
 -1.662e+05 1.662e+05
 5.799e+04 -5.799e+04
 5.779e+04 -5.779e+04
 3.962e+04 -3.962e+04
 -4.331e+05 4.331e+05
 2.64e+05 -2.64e+05
 -4.603e+05 4.603e+05
 5.886e+04 -5.886e+04
 -1.284e+05 1.284e+05
 9.304e+04 -9.304e+04
 -3.971e+05 3.971e+05
 1.908e+04 -1.908e+04
 -2.47e+05 2.47e+05
 2919 -2919
 1.667e+05 -1.667e+05
 3.054e+05 -3.054e+05
 -2.256e+05 2.256e+05
 -7.343e+04 7.343e+04
 -7.523e+05 7.523e+05
 -1.978e+05 1.978e+05
 -1.01e+05 1.01e+05
 2.203e+05 -2.203e+05
 -4.951e+05 4.951e+05
 -8.525e+05 8.525e+05
 8.5e+04 -8.5e+04
 -2.012e+05 2.012e+05
 5.117e+05 -5.117e+05
 -9.649e+04 9.649e+04
 7.894e+05 -7.894e+05
 -4.081e+04 4.081e+04
 3.813e+05 -3.813e+05
 -9.559e+05 9.559e+05
 8.456e+04 -8.456e+04
 2.515e+05 -2.515e+05
 -2.283e+05 2.283e+05
 3.548e+04 -3.548e+04
 8.199e+04 -8.199e+04
 -2.74e+05 2.74e+05
 -7.654e+05 7.654e+05
 -5.083e+05 5.083e+05
 5.3e+05 -5.3e+05
 -5.25e+04 5.25e+04
 -2.937e+05 2.937e+05
 2.283e+05 -2.283e+05
 -3.006e+05 3.006e+05
 -2.331e+05 2.331e+05
 -8.208e+05 8.208e+05
 -2.993e+05 2.993e+05
 5.268e+05 -5.268e+05
 -5.161e+04 5.161e+04
 -5.607e+05 5.607e+05
 9785 -9785
 7.217e+05 -7.217e+05
 -7.265e+05 7.265e+05
 4.139e+05 -4.139e+05
 4.27e+04 -4.27e+04
 2.895e+05 -2.895e+05
 9.727e+05 -9.727e+05
 1.339e+05 -1.339e+05
 9.485e+04 -9.485e+04
 -7.674e+05 7.674e+05
 1.788e+05 -1.788e+05
 1.768e+05 -1.768e+05
 1.896e+05 -1.896e+05
 -5.889e+05 5.889e+05
 -2361 2361
 -3.892e+05 3.892e+05
 -1.377e+05 1.377e+05
 2.024e+05 -2.024e+05
 2.564e+05 -2.564e+05
 -3.625e+05 3.625e+05
 1.777e+05 -1.777e+05
 -1.952e+05 1.952e+05
 -6.499e+05 6.499e+05
 -4.31e+05 4.31e+05
 -5.25e+05 5.25e+05
 -1.957e+05 1.957e+05
 1.313e+05 -1.313e+05
 3.027e+05 -3.027e+05
 5.386e+05 -5.386e+05
 3.348e+05 -3.348e+05
 8.295e+04 -8.295e+04
 -1.571e+04 1.571e+04
 7.638e+04 -7.638e+04
 8.594e+04 -8.594e+04
 -3.215e+05 3.215e+05
 3.198e+05 -3.198e+05
 -5.222e+05 5.222e+05
 4.317e+04 -4.317e+04
 4.569e+05 -4.569e+05
 -3.12e+05 3.12e+05
 -1.833e+05 1.833e+05
 7.439e+04 -7.439e+04
 2.662e+05 -2.662e+05
 -8.128e+04 8.128e+04
 -3.326e+05 3.326e+05
 -2.124e+05 2.124e+05
 2.908e+05 -2.908e+05
 3.074e+05 -3.074e+05
 4.772e+05 -4.772e+05
 -9.654e+04 9.654e+04
 -3.185e+05 3.185e+05
 3.389e+05 -3.389e+05
 2.441e+05 -2.441e+05
 3.181e+05 -3.181e+05
 -5.55e+05 5.55e+05
 -7.581e+05 7.581e+05
 7.756e+05 -7.756e+05
 6.689e+05 -6.689e+05
 -4.449e+04 4.449e+04
 -4.098e+04 4.098e+04
 1.277e+06 -1.277e+06
 6.16e+04 -6.16e+04
 3.864e+05 -3.864e+05
 3.077e+05 -3.077e+05
 -5.698e+05 5.698e+05
 -2.055e+05 2.055e+05
 -3.671e+05 3.671e+05
 2.067e+05 -2.067e+05
 -6.847e+04 6.847e+04
 6.036e+05 -6.036e+05
 2.313e+05 -2.313e+05
 -6.886e+05 6.886e+05
 -1.218e+05 1.218e+05
 -1.152e+06 1.152e+06
 7.765e+05 -7.765e+05
 -5.166e+05 5.166e+05
 1.211e+06 -1.211e+06
 -3.287e+05 3.287e+05
 -9.316e+04 9.316e+04
 3.476e+05 -3.476e+05
 1.564e+05 -1.564e+05
 -4.195e+05 4.195e+05
 -6.799e+05 6.799e+05
 -5.07e+05 5.07e+05
 -5.651e+05 5.651e+05
 5.567e+05 -5.567e+05
 1.604e+04 -1.604e+04
 -5e+05 5e+05
 -5.728e+05 5.728e+05
 1.736e+05 -1.736e+05
 2.939e+05 -2.939e+05
 -6.398e+05 6.398e+05
 -1.471e+05 1.471e+05
 1.229e+05 -1.229e+05
 -9.895e+04 9.895e+04
 -6.706e+05 6.706e+05
 -2.325e+05 2.325e+05
 -7.025e+05 7.025e+05
 -4.568e+05 4.568e+05
 -3.536e+05 3.536e+05
 -4.59e+05 4.59e+05
 3.935e+05 -3.935e+05
 -6.908e+05 6.908e+05
 -6.139e+05 6.139e+05
 1.574e+05 -1.574e+05
 -2.151e+05 2.151e+05
 3.241e+05 -3.241e+05
 6.96e+05 -6.96e+05
 -2.881e+05 2.881e+05
 -5.054e+05 5.054e+05
 -4.818e+05 4.818e+05
 -2.743e+05 2.743e+05
 -2.732e+05 2.732e+05
 2.312e+05 -2.312e+05
 3.611e+05 -3.611e+05
 1.222e+05 -1.222e+05
 -6.465e+04 6.465e+04
 -1.894e+05 1.894e+05
 7.294e+04 -7.294e+04
 7.38e+05 -7.38e+05
 7.82e+04 -7.82e+04
 -2.264e+05 2.264e+05
 2.872e+05 -2.872e+05
 1.745e+05 -1.745e+05
 -3.475e+05 3.475e+05
 6.8e+05 -6.8e+05
 -2.867e+05 2.867e+05
 -3.882e+05 3.882e+05
 2.335e+05 -2.335e+05
 4.205e+05 -4.205e+05
 -1.039e+06 1.039e+06
 -7.123e+04 7.123e+04
 -2.12e+05 2.12e+05
 8.643e+04 -8.643e+04
 -3.698e+05 3.698e+05
 -4.365e+05 4.365e+05
 2.4e+05 -2.4e+05
 -3.458e+05 3.458e+05
 2.714e+05 -2.714e+05
 3.964e+05 -3.964e+05
 1.84e+04 -1.84e+04
 -5.645e+05 5.645e+05
 3.542e+05 -3.542e+05
 2.719e+04 -2.719e+04
 4.998e+05 -4.998e+05
 -1.4e+05 1.4e+05
 2.031e+05 -2.031e+05
 4.083e+04 -4.083e+04
 -1.126e+05 1.126e+05
 3.879e+05 -3.879e+05
 -1.447e+05 1.447e+05
 2.428e+05 -2.428e+05
 1.125e+05 -1.125e+05
 -3.628e+04 3.628e+04
 7.339e+05 -7.339e+05
 -5.287e+04 5.287e+04
 1.978e+05 -1.978e+05
 6.658e+04 -6.658e+04
 -8627 8627
 -6.436e+05 6.436e+05
 1.61e+05 -1.61e+05
 -2.185e+05 2.185e+05
 2.943e+04 -2.943e+04
 -7.387e+04 7.387e+04
 -1.595e+05 1.595e+05
 1.929e+05 -1.929e+05
 -2.889e+04 2.889e+04
 4.863e+04 -4.863e+04
 -4.608e+05 4.608e+05
 2.453e+05 -2.453e+05
 1.567e+05 -1.567e+05
 -3.657e+05 3.657e+05
 -4.552e+05 4.552e+05
 2.342e+05 -2.342e+05
 -422.7 422.7
 1.194e+05 -1.194e+05
 -2.02e+05 2.02e+05
 -3.168e+05 3.168e+05
 -1.142e+05 1.142e+05
 -8.145e+04 8.145e+04
 -5.06e+05 5.06e+05
 5.927e+04 -5.927e+04
 -2.323e+04 2.323e+04
 -9.015e+05 9.015e+05
 9.986e+04 -9.986e+04
 -9.863e+05 9.863e+05
 -3.953e+05 3.953e+05
 -7.943e+04 7.943e+04
 -2.718e+05 2.718e+05
 -5.819e+05 5.819e+05
 1.998e+05 -1.998e+05
 -4.22e+05 4.22e+05
 9.197e+05 -9.197e+05
 1.584e+06 -1.584e+06
 -6.32e+05 6.32e+05
 -7.485e+04 7.485e+04
 -1.029e+06 1.029e+06
 1.422e+05 -1.422e+05
 2.691e+05 -2.691e+05
 1.117e+06 -1.117e+06
 2.39e+05 -2.39e+05
 -4.627e+05 4.627e+05
 5.215e+05 -5.215e+05
 -7.2e+05 7.2e+05
 -2.015e+05 2.015e+05
 -3.736e+05 3.736e+05
 -2.338e+05 2.338e+05
 -2.641e+05 2.641e+05
 -1.35e+05 1.35e+05
 -2.655e+05 2.655e+05
 1.332e+05 -1.332e+05
 1.167e+05 -1.167e+05
 1.811e+05 -1.811e+05
 3.347e+05 -3.347e+05
 -9.082e+05 9.082e+05
 -4.956e+05 4.956e+05
 1.118e+05 -1.118e+05
 -2.427e+05 2.427e+05
 2.921e+05 -2.921e+05
 6.656e+05 -6.656e+05
 -4.388e+05 4.388e+05
 -2.505e+05 2.505e+05
 -6.524e+05 6.524e+05
 -2.538e+05 2.538e+05
 5.831e+05 -5.831e+05
 5.184e+05 -5.184e+05
 -1.736e+05 1.736e+05
 4.065e+05 -4.065e+05
 -4.892e+05 4.892e+05
 2.289e+05 -2.289e+05
 -4.431e+04 4.431e+04
 -4.092e+05 4.092e+05
 4.566e+04 -4.566e+04
 -4.858e+05 4.858e+05
 -1.933e+05 1.933e+05
 -4.647e+05 4.647e+05
 7.208e+05 -7.208e+05
 -4.355e+05 4.355e+05
 -1.564e+05 1.564e+05
 -3.404e+05 3.404e+05
 -2.128e+05 2.128e+05
 -1.136e+05 1.136e+05
 1.977e+05 -1.977e+05
 1.549e+05 -1.549e+05
 -2.009e+05 2.009e+05
 -5.865e+05 5.865e+05
 4.626e+05 -4.626e+05
 -1.845e+05 1.845e+05
 2.845e+05 -2.845e+05
 5.991e+05 -5.991e+05
 -4.943e+05 4.943e+05
 -7.77e+05 7.77e+05
 8.979e+04 -8.979e+04
 -5.034e+05 5.034e+05
 -5.898e+05 5.898e+05
 -8.539e+04 8.539e+04
 -4.581e+05 4.581e+05
 3.314e+05 -3.314e+05
 3.661e+05 -3.661e+05
 3.968e+05 -3.968e+05
 -2.949e+04 2.949e+04
 2.877e+05 -2.877e+05
 1.092e+05 -1.092e+05
 -1.95e+05 1.95e+05
 3.237e+05 -3.237e+05
 7.98e+05 -7.98e+05
 7.943e+04 -7.943e+04
 4.997e+05 -4.997e+05
 9.195e+05 -9.195e+05
 -3.223e+05 3.223e+05
 1.537e+05 -1.537e+05
 -5.464e+05 5.464e+05
 5.613e+05 -5.613e+05
 -2.813e+05 2.813e+05
 6.664e+04 -6.664e+04
 3.256e+05 -3.256e+05
 5.531e+05 -5.531e+05
 -9.206e+04 9.206e+04
 -3.674e+05 3.674e+05
 5.498e+05 -5.498e+05
 -3.508e+05 3.508e+05
 -1.913e+05 1.913e+05
 4.458e+05 -4.458e+05


