# Created by Octave 4.2.1, Sat Sep 28 18:48:24 2019 CEST <dagigo1@EVIRL-035-OK>
# name: w
# type: matrix
# rows: 101
# columns: 20
 -1.846e+07 -1.845e+07 -1.846e+07 -1.844e+07 -1.845e+07 -1.846e+07 -1.847e+07 -1.847e+07 -1.848e+07 -1.846e+07 -1.847e+07 -1.847e+07 -1.844e+07 -1.845e+07 -1.846e+07 -1.844e+07 -1.846e+07 -1.847e+07 -1.846e+07 -1.847e+07
 -1.456e+06 -1.446e+06 -1.445e+06 -1.446e+06 -1.444e+06 -1.444e+06 -1.442e+06 -1.447e+06 -1.445e+06 -1.447e+06 -1.445e+06 -1.436e+06 -1.451e+06 -1.456e+06 -1.441e+06 -1.448e+06 -1.426e+06 -1.446e+06 -1.422e+06 -1.448e+06
 -2.814e+05 -2.802e+05 -2.728e+05 -2.752e+05 -2.787e+05 -2.676e+05 -2.671e+05 -2.695e+05 -2.68e+05 -2.658e+05 -2.7e+05 -2.227e+05 -2.674e+05 -2.795e+05 -2.79e+05 -2.706e+05 -2.657e+05 -2.563e+05 -2.817e+05 -2.801e+05
 -3.7e+05 -3.561e+05 -3.542e+05 -3.494e+05 -3.582e+05 -3.565e+05 -3.588e+05 -3.712e+05 -3.538e+05 -3.608e+05 -3.569e+05 -3.594e+05 -3.525e+05 -3.614e+05 -3.488e+05 -3.559e+05 -2.868e+05 -3.66e+05 -3.365e+05 -3.575e+05
 -7.618e+04 -6.989e+04 -7.105e+04 -7.104e+04 -6.972e+04 -6.759e+04 -6.566e+04 -7.304e+04 -6.74e+04 -7.156e+04 -6.719e+04 -7.267e+04 -7.673e+04 -7.783e+04 -7.053e+04 -7.266e+04 -8.318e+04 -2940 -3.076e+04 -6.241e+04
 -1.269e+06 -1.273e+06 -1.274e+06 -1.274e+06 -1.273e+06 -1.274e+06 -1.273e+06 -1.267e+06 -1.272e+06 -1.274e+06 -1.275e+06 -1.263e+06 -1.264e+06 -1.279e+06 -1.275e+06 -1.274e+06 -1.267e+06 -1.272e+06 -1.263e+06 -1.269e+06
 -6.515e+05 -6.597e+05 -6.661e+05 -6.603e+05 -6.615e+05 -6.572e+05 -6.404e+05 -6.615e+05 -6.504e+05 -6.161e+05 -6.077e+05 -6.609e+05 -6.58e+05 -6.674e+05 -6.628e+05 -6.691e+05 -6.604e+05 -6.576e+05 -6.618e+05 -6.53e+05
 -8.909e+04 -8.046e+04 -7.859e+04 -7.932e+04 -7.993e+04 -7.767e+04 -7.684e+04 -8.055e+04 -7.189e+04 -9.134e+04 -8.284e+04 -7.755e+04 -8.102e+04 -8.067e+04 -7.865e+04 -7.313e+04 -9.35e+04 2.896e+04 -5.669e+04 -6.495e+04
 -7.152e+04 -6.421e+04 -6.512e+04 -7.16e+04 -7.505e+04 -6.404e+04 -5.79e+04 -6.385e+04 -6.447e+04 -6.442e+04 -6.283e+04 6.624e+04 -9.372e+04 -7.166e+04 -3.53e+04 -6.996e+04 -7.219e+04 -6.559e+04 -9.648e+04 -6.881e+04
 -4.418e+05 -4.394e+05 -4.336e+05 -4.375e+05 -4.312e+05 -4.377e+05 -4.165e+05 -4.348e+05 -4.339e+05 -4.071e+05 -4.183e+05 -4.332e+05 -4.313e+05 -4.365e+05 -4.346e+05 -4.389e+05 -4.372e+05 -4.326e+05 -4.444e+05 -4.379e+05
 -3.192e+04 -3.195e+04 -3.013e+04 -3.588e+04 -3.626e+04 -3.589e+04 -2.976e+04 -3.35e+04 -3.14e+04 -3.393e+04 -3.13e+04 2.694e+04 -4.316e+04 -3.114e+04 -3.375e+04 -3.135e+04 -2.26e+04 -3.242e+04 -3.216e+04 -3.693e+04
 -6.197e+05 -6.112e+05 -6.115e+05 -6.114e+05 -6.131e+05 -6.092e+05 -6.074e+05 -6.116e+05 -6.083e+05 -6.126e+05 -6.092e+05 -6.084e+05 -6.185e+05 -6.222e+05 -6.116e+05 -6.206e+05 -5.676e+05 -6.092e+05 -6.092e+05 -5.926e+05
 -2.163e+05 -2.087e+05 -2.141e+05 -2.166e+05 -2.178e+05 -2.12e+05 -1.919e+05 -2.181e+05 -2.115e+05 -1.743e+05 -1.646e+05 -2.106e+05 -1.931e+05 -2.192e+05 -2.233e+05 -2.144e+05 -2.133e+05 -2.118e+05 -2.154e+05 -2.127e+05
 -1.004e+05 -6.313e+04 -1.191e+05 -1.092e+05 -9.258e+04 4.767e+04 -8.464e+04 -8.429e+04 -8.213e+04 -8.736e+04 -8.151e+04 -8.874e+04 -9.904e+04 -8.72e+04 -9.243e+04 -1.043e+05 -8.445e+04 -8.727e+04 -1.032e+05 -7.411e+04
 -2.464e+05 -2.595e+05 -2.514e+05 -2.019e+05 -2.215e+05 -2.552e+05 -2.304e+05 -2.478e+05 -2.454e+05 -2.442e+05 -2.463e+05 -2.446e+05 -2.548e+05 -2.512e+05 -2.459e+05 -2.461e+05 -2.474e+05 -2.46e+05 -2.501e+05 -2.49e+05
 -6.247e+05 -6.291e+05 -6.298e+05 -6.318e+05 -6.318e+05 -6.302e+05 -6.289e+05 -6.307e+05 -6.308e+05 -6.296e+05 -6.291e+05 -6.326e+05 -6.334e+05 -6.363e+05 -6.323e+05 -6.469e+05 -6.353e+05 -6.329e+05 -6.22e+05 -6.095e+05
 -7.076e+05 -7.147e+05 -7.148e+05 -7.167e+05 -7.156e+05 -7.121e+05 -7.086e+05 -7.078e+05 -7.106e+05 -7.138e+05 -7.076e+05 -7.057e+05 -7.196e+05 -7.156e+05 -7.142e+05 -7.125e+05 -7.038e+05 -7.016e+05 -6.894e+05 -7.055e+05
 -3.531e+05 -3.457e+05 -3.469e+05 -3.497e+05 -3.49e+05 -3.418e+05 -3.404e+05 -3.433e+05 -3.356e+05 -3.452e+05 -3.376e+05 -3.423e+05 -3.466e+05 -3.484e+05 -3.447e+05 -3.494e+05 -2.976e+05 -3.422e+05 -3.395e+05 -3.19e+05
 -4.33e+05 -4.27e+05 -4.274e+05 -4.272e+05 -4.317e+05 -4.253e+05 -4.253e+05 -4.276e+05 -4.281e+05 -4.346e+05 -4.237e+05 -4.301e+05 -4.277e+05 -4.302e+05 -4.3e+05 -4.308e+05 -4.346e+05 -3.835e+05 -4.199e+05 -4.227e+05
 -1.792e+06 -1.801e+06 -1.8e+06 -1.801e+06 -1.802e+06 -1.8e+06 -1.801e+06 -1.801e+06 -1.802e+06 -1.801e+06 -1.802e+06 -1.803e+06 -1.8e+06 -1.793e+06 -1.804e+06 -1.805e+06 -1.811e+06 -1.801e+06 -1.793e+06 -1.784e+06
 -9.041e+05 -9.169e+05 -9.162e+05 -9.178e+05 -9.185e+05 -9.159e+05 -9.159e+05 -9.175e+05 -9.171e+05 -9.197e+05 -9.164e+05 -9.148e+05 -9.189e+05 -9.202e+05 -9.165e+05 -9.173e+05 -9.135e+05 -9.216e+05 -9.214e+05 -9.056e+05
 -9.487e+05 -9.402e+05 -9.395e+05 -9.392e+05 -9.427e+05 -9.404e+05 -9.374e+05 -9.372e+05 -9.36e+05 -9.421e+05 -9.404e+05 -9.392e+05 -9.428e+05 -9.327e+05 -9.398e+05 -9.347e+05 -9.284e+05 -9.364e+05 -9.266e+05 -9.338e+05
 -7.425e+05 -7.534e+05 -7.491e+05 -7.716e+05 -6.703e+05 -7.556e+05 -7.39e+05 -7.474e+05 -7.41e+05 -7.519e+05 -7.402e+05 -7.367e+05 -7.463e+05 -7.39e+05 -7.474e+05 -7.564e+05 -7.579e+05 -7.472e+05 -7.564e+05 -7.096e+05
 -6.988e+05 -7.187e+05 -7.212e+05 -7.221e+05 -7.236e+05 -7.228e+05 -7.195e+05 -7.224e+05 -7.215e+05 -7.226e+05 -7.207e+05 -7.252e+05 -7.152e+05 -7.283e+05 -6.891e+05 -7.28e+05 -7.251e+05 -7.18e+05 -7.324e+05 -7.051e+05
 -1.604e+06 -1.584e+06 -1.601e+06 -1.586e+06 -1.589e+06 -1.589e+06 -1.592e+06 -1.6e+06 -1.599e+06 -1.599e+06 -1.602e+06 -1.602e+06 -1.586e+06 -1.596e+06 -1.589e+06 -1.598e+06 -1.599e+06 -1.597e+06 -1.604e+06 -1.603e+06
 -1.81e+05 -1.742e+05 -1.725e+05 -1.401e+05 -1.795e+05 -1.725e+05 -1.684e+05 -1.665e+05 -1.665e+05 -1.192e+05 -1.255e+05 -1.71e+05 -1.724e+05 -1.768e+05 -1.637e+05 -1.773e+05 -1.68e+05 -1.687e+05 -1.722e+05 -1.758e+05
 -1.471e+05 -1.414e+05 -1.416e+05 -1.428e+05 -1.488e+05 -1.368e+05 -1.285e+05 -1.35e+05 -1.362e+05 -5.111e+04 -5.278e+04 -1.326e+05 -1.483e+05 -1.417e+05 -1.384e+05 -1.403e+05 -1.443e+05 -1.378e+05 -1.538e+05 -1.463e+05
 -1.662e+06 -1.656e+06 -1.657e+06 -1.659e+06 -1.662e+06 -1.656e+06 -1.663e+06 -1.663e+06 -1.66e+06 -1.665e+06 -1.663e+06 -1.658e+06 -1.641e+06 -1.654e+06 -1.659e+06 -1.66e+06 -1.664e+06 -1.658e+06 -1.661e+06 -1.658e+06
 -6.406e+05 -6.575e+05 -6.579e+05 -6.562e+05 -6.584e+05 -6.558e+05 -6.544e+05 -6.56e+05 -6.526e+05 -6.561e+05 -6.524e+05 -6.573e+05 -6.558e+05 -6.596e+05 -6.567e+05 -6.3e+05 -6.594e+05 -6.537e+05 -6.725e+05 -6.224e+05
 -1.233e+06 -1.228e+06 -1.222e+06 -1.184e+06 -1.244e+06 -1.219e+06 -1.223e+06 -1.229e+06 -1.227e+06 -1.231e+06 -1.228e+06 -1.232e+06 -1.213e+06 -1.227e+06 -1.226e+06 -1.232e+06 -1.23e+06 -1.229e+06 -1.229e+06 -1.229e+06
 -1.696e+06 -1.689e+06 -1.695e+06 -1.691e+06 -1.688e+06 -1.683e+06 -1.685e+06 -1.68e+06 -1.685e+06 -1.658e+06 -1.683e+06 -1.688e+06 -1.693e+06 -1.67e+06 -1.679e+06 -1.686e+06 -1.684e+06 -1.685e+06 -1.688e+06 -1.697e+06
 -3.317e+05 -3.234e+05 -3.226e+05 -3.237e+05 -3.199e+05 -3.235e+05 -3.212e+05 -3.281e+05 -3.171e+05 -3.174e+05 -3.186e+05 -3.254e+05 -3.323e+05 -3.314e+05 -3.232e+05 -3.421e+05 -2.559e+05 -3.046e+05 -3.249e+05 -3.122e+05
 -2.966e+05 -2.96e+05 -2.983e+05 -3.022e+05 -2.974e+05 -2.962e+05 -2.837e+05 -2.902e+05 -2.842e+05 -2.296e+05 -2.31e+05 -2.886e+05 -3.096e+05 -2.986e+05 -2.817e+05 -2.988e+05 -2.906e+05 -2.866e+05 -3.041e+05 -2.834e+05
 -2.537e+05 -2.362e+05 -2.34e+05 -2.334e+05 -2.371e+05 -2.289e+05 -2.252e+05 -2.286e+05 -2.256e+05 -2.308e+05 -2.25e+05 -2.313e+05 -2.382e+05 -2.328e+05 -2.375e+05 -1.76e+05 -2.353e+05 -2.445e+05 -2.479e+05 -1.934e+05
 -7.168e+05 -7.103e+05 -7.102e+05 -7.101e+05 -7.109e+05 -7.11e+05 -7.093e+05 -7.102e+05 -7.106e+05 -7.124e+05 -7.092e+05 -7.127e+05 -7.03e+05 -7.068e+05 -7.116e+05 -7.05e+05 -6.862e+05 -7.112e+05 -7.078e+05 -7.054e+05
 -1.413e+05 -1.351e+05 -1.301e+05 -1.38e+05 -1.323e+05 -1.264e+05 -1.121e+05 -1.23e+05 -1.165e+05 -2.449e+04 -1.092e+05 -1.243e+05 -1.42e+05 -1.347e+05 -1.278e+05 -1.36e+05 -1.316e+05 -1.182e+05 -1.456e+05 -1.262e+05
 -1.855e+05 -2.09e+05 -2.113e+05 -2.283e+05 -1.738e+05 -2.073e+05 -4.54e+04 -1.78e+05 -1.804e+05 -1.827e+05 -1.809e+05 -2.117e+05 -1.915e+05 -1.648e+05 -1.971e+05 -1.821e+05 -1.815e+05 -1.785e+05 -1.799e+05 -1.801e+05
 -3.09e+05 -3.269e+05 -3.199e+05 -3.2e+05 -3.154e+05 -2.812e+05 -3.133e+05 -2.843e+05 -3.089e+05 -3.088e+05 -3.057e+05 -2.723e+05 -3.158e+05 -3.092e+05 -3.157e+05 -3.106e+05 -3.083e+05 -3.084e+05 -3.074e+05 -3.111e+05
 -3.675e+04 -2.653e+04 -2.636e+04 -2.769e+04 -2.714e+04 -2.528e+04 -2.384e+04 -4.442e+04 -2.458e+04 -2.612e+04 -2.399e+04 -2.608e+04 -2.873e+04 -2.903e+04 -2.609e+04 -3.023e+04 -2.923e+04 3.827e+04 -1.266e+04 -2.791e+04
 -2.119e+04 -2.162e+04 -2.181e+04 -2.399e+04 -2.366e+04 -2.273e+04 -1.913e+04 -2.203e+04 -1.763e+04 -8.599e+04 8.739e+04 -1.899e+04 -2.552e+04 -2.462e+04 -2.343e+04 -2.515e+04 -2.429e+04 -1.892e+04 -1.971e+04 -1.835e+04
 -6.732e+05 -6.678e+05 -6.806e+05 -6.737e+05 -6.722e+05 -6.568e+05 -6.768e+05 -6.79e+05 -6.81e+05 -6.831e+05 -6.762e+05 -6.791e+05 -6.68e+05 -6.62e+05 -6.019e+05 -6.828e+05 -6.795e+05 -6.807e+05 -6.768e+05 -6.973e+05
 -1.669e+05 -1.59e+05 -1.554e+05 -1.531e+05 -1.574e+05 -1.533e+05 -1.49e+05 -1.503e+05 -1.468e+05 -8.408e+04 -9.212e+04 -1.534e+05 -1.562e+05 -1.49e+05 -1.374e+05 -1.574e+05 -1.577e+05 -1.515e+05 -1.769e+05 -1.598e+05
 -9.009e+05 -9.022e+05 -9.015e+05 -9.039e+05 -9.017e+05 -9.013e+05 -8.777e+05 -8.063e+05 -8.827e+05 -9.042e+05 -8.95e+05 -8.993e+05 -8.66e+05 -9.07e+05 -9.046e+05 -9.066e+05 -9.026e+05 -8.961e+05 -9.004e+05 -8.961e+05
 -2.692e+06 -2.706e+06 -2.706e+06 -2.705e+06 -2.706e+06 -2.705e+06 -2.704e+06 -2.706e+06 -2.704e+06 -2.706e+06 -2.704e+06 -2.705e+06 -2.709e+06 -2.706e+06 -2.708e+06 -2.693e+06 -2.707e+06 -2.705e+06 -2.708e+06 -2.699e+06
 -4.64e+05 -4.662e+05 -4.672e+05 -4.681e+05 -4.665e+05 -4.675e+05 -4.671e+05 -4.721e+05 -4.659e+05 -4.723e+05 -4.66e+05 -4.674e+05 -4.666e+05 -4.78e+05 -4.69e+05 -4.333e+05 -4.704e+05 -4.666e+05 -4.578e+05 -4.667e+05
 -6.262e+05 -6.123e+05 -6.127e+05 -6.204e+05 -6.127e+05 -6.209e+05 -6.198e+05 -6.137e+05 -6.19e+05 -6.012e+05 -5.831e+05 -6.189e+05 -6.087e+05 -6.08e+05 -6.207e+05 -6.124e+05 -6.338e+05 -6.171e+05 -6.064e+05 -6.122e+05
 -9.566e+04 -1.069e+05 -9.56e+04 -9.596e+04 -9.837e+04 -9.435e+04 -9.345e+04 -8.728e+04 -8.519e+04 -8.995e+04 -8.468e+04 2.873e+04 -9.655e+04 -9.265e+04 -9.688e+04 -9.144e+04 -6.495e+04 -8.608e+04 -9.779e+04 -9.368e+04
 -1.43e+07 -1.432e+07 -1.431e+07 -1.432e+07 -1.432e+07 -1.431e+07 -1.432e+07 -1.431e+07 -1.431e+07 -1.431e+07 -1.431e+07 -1.431e+07 -1.431e+07 -1.432e+07 -1.431e+07 -1.432e+07 -1.431e+07 -1.431e+07 -1.43e+07 -1.43e+07
 7330 -9.489e+04 -9.425e+04 -9.849e+04 -9.974e+04 -8.808e+04 -8.517e+04 -1.044e+05 -8.853e+04 -9.94e+04 -8.736e+04 -9.7e+04 -1.168e+05 -1.253e+05 -1.165e+05 -1.104e+05 -1.06e+05 -9.522e+04 -1.614e+05 -1710
 -7.619e+04 -9.547e+04 -9.339e+04 -9.696e+04 -9.169e+04 -8.999e+04 -8.396e+04 -8.815e+04 -8.578e+04 -9.412e+04 -8.238e+04 -8.874e+04 -9.881e+04 -9.7e+04 2.799e+04 -9.834e+04 -9.341e+04 -8.563e+04 -1.034e+05 -9.763e+04
 -3.443e+05 -3.367e+05 -3.34e+05 -3.319e+05 -3.437e+05 -3.335e+05 -3.335e+05 -3.307e+05 -3.319e+05 -3.404e+05 -3.366e+05 -3.354e+05 -3.358e+05 -3.385e+05 -3.4e+05 -3.033e+05 -3.391e+05 -3.351e+05 -3.41e+05 -3.085e+05
 -5.718e+04 -4.549e+04 -4.405e+04 -4.624e+04 -4.476e+04 -4.472e+04 -4.452e+04 -4.306e+04 -4.515e+04 -4.972e+04 -4.501e+04 -4.77e+04 -4.801e+04 -4.825e+04 -5.282e+04 -5.086e+04 -5.208e+04 2.218e+04 -4.179e+04 -4.83e+04
 -6.767e+04 -3.079e+04 -2.696e+04 -2.809e+04 -3.235e+04 -2.41e+04 -2.334e+04 -2.216e+04 -2.103e+04 -2.609e+04 -2.224e+04 -2.354e+04 -2.831e+04 -3.207e+04 -3.244e+04 1.122e+05 -2.818e+04 -2.71e+04 -3.545e+04 -7.143e+04
 -7.448e+05 -7.816e+05 -7.824e+05 -7.818e+05 -7.791e+05 -7.819e+05 -7.788e+05 -7.807e+05 -7.795e+05 -7.825e+05 -7.79e+05 -7.827e+05 -7.812e+05 -7.88e+05 -7.842e+05 -7.866e+05 -7.779e+05 -7.785e+05 -7.888e+05 -7.608e+05
 -1.881e+05 -1.594e+05 -1.604e+05 -1.575e+05 -1.614e+05 -1.468e+05 -1.49e+05 -1.531e+05 -1.509e+05 -1.578e+05 -1.51e+05 -1.61e+05 -1.653e+05 -1.75e+05 -1.515e+05 -1.104e+05 -1.647e+05 -1.584e+05 -1.75e+05 -1.315e+05
 -6.326e+05 -6.52e+05 -6.531e+05 -6.562e+05 -6.546e+05 -6.524e+05 -6.47e+05 -6.49e+05 -6.535e+05 -6.544e+05 -6.542e+05 -6.467e+05 -6.526e+05 -6.544e+05 -6.511e+05 -6.377e+05 -6.583e+05 -6.353e+05 -6.305e+05 -6.563e+05
 -6.437e+05 -6.625e+05 -6.624e+05 -6.631e+05 -6.633e+05 -6.608e+05 -6.62e+05 -6.617e+05 -6.636e+05 -6.638e+05 -6.621e+05 -6.653e+05 -6.653e+05 -6.614e+05 -6.665e+05 -6.635e+05 -6.682e+05 -6.466e+05 -6.502e+05 -6.536e+05
 -7.718e+05 -7.334e+05 -7.432e+05 -7.689e+05 -7.794e+05 -7.626e+05 -7.756e+05 -7.725e+05 -7.71e+05 -7.757e+05 -7.72e+05 -7.701e+05 -7.803e+05 -7.807e+05 -7.76e+05 -7.78e+05 -7.779e+05 -7.715e+05 -7.739e+05 -7.736e+05
 -1.047e+05 -1.562e+05 -1.557e+05 -1.56e+05 -1.571e+05 -1.574e+05 -1.589e+05 -1.571e+05 -1.567e+05 -1.554e+05 -1.583e+05 -1.595e+05 -1.568e+05 -1.594e+05 -1.537e+05 -1.517e+05 -1.694e+05 -1.064e+05 -1.859e+05 -1.783e+05
 -1.422e+05 -1.23e+05 -1.247e+05 -1.304e+05 -1.298e+05 -1.15e+05 -1.067e+05 -1.097e+05 -8080 -1.213e+05 -1.142e+05 -1.184e+05 -1.371e+05 -1.312e+05 -1.174e+05 -1.268e+05 -1.275e+05 -1.168e+05 -1.274e+05 -1.256e+05
 -1.396e+05 -6.027e+04 -1.627e+05 -1.625e+05 -1.651e+05 -1.567e+05 -1.52e+05 -1.558e+05 -1.518e+05 -1.595e+05 -1.532e+05 -7.856e+04 -1.744e+05 -1.618e+05 -1.454e+05 -1.651e+05 -1.634e+05 -1.522e+05 -1.61e+05 -1.601e+05
 -6.575e+05 -6.718e+05 -6.696e+05 -6.716e+05 -6.71e+05 -6.69e+05 -6.677e+05 -6.696e+05 -6.666e+05 -6.714e+05 -6.674e+05 -6.7e+05 -6.736e+05 -6.773e+05 -6.727e+05 -6.595e+05 -6.738e+05 -6.732e+05 -6.83e+05 -6.496e+05
 -7.895e+04 -8.225e+04 -8.184e+04 -8.415e+04 -8.591e+04 -7.499e+04 -8.885e+04 -7.974e+04 -7.721e+04 -2.849e+04 -3.603e+04 -7.603e+04 -9.367e+04 -8.547e+04 -9.619e+04 -8.466e+04 -8.033e+04 -8.146e+04 -8.97e+04 -9.003e+04
 -4.672e+05 -4.665e+05 -4.398e+05 -4.715e+05 -4.56e+05 -3.77e+05 -4.608e+05 -4.527e+05 -4.502e+05 -4.585e+05 -4.579e+05 -4.69e+05 -4.824e+05 -4.586e+05 -4.72e+05 -4.676e+05 -4.606e+05 -4.585e+05 -4.725e+05 -4.641e+05
 -1.501e+06 -1.501e+06 -1.494e+06 -1.47e+06 -1.483e+06 -1.5e+06 -1.482e+06 -1.49e+06 -1.491e+06 -1.498e+06 -1.496e+06 -1.497e+06 -1.496e+06 -1.5e+06 -1.5e+06 -1.5e+06 -1.496e+06 -1.496e+06 -1.5e+06 -1.495e+06
 -7.675e+05 -7.581e+05 -7.494e+05 -7.234e+05 -7.306e+05 -7.53e+05 -7.468e+05 -7.564e+05 -7.574e+05 -7.596e+05 -7.563e+05 -7.594e+05 -7.478e+05 -7.681e+05 -7.603e+05 -7.629e+05 -7.626e+05 -7.576e+05 -7.669e+05 -7.61e+05
 -2.473e+05 -2.457e+05 -2.449e+05 -2.549e+05 -2.51e+05 -2.41e+05 -2.389e+05 -1.407e+05 -2.291e+05 -2.464e+05 -2.33e+05 -2.417e+05 -2.454e+05 -2.578e+05 -2.457e+05 -2.58e+05 -2.489e+05 -2.356e+05 -2.596e+05 -2.5e+05
 -6.846e+05 -6.877e+05 -6.726e+05 -6.628e+05 -6.607e+05 -6.79e+05 -6.723e+05 -6.782e+05 -6.752e+05 -6.813e+05 -6.763e+05 -6.727e+05 -6.669e+05 -6.829e+05 -6.794e+05 -6.748e+05 -6.786e+05 -6.766e+05 -6.789e+05 -6.813e+05
 -1.236e+06 -1.214e+06 -1.206e+06 -1.236e+06 -1.238e+06 -1.207e+06 -1.232e+06 -1.234e+06 -1.23e+06 -1.235e+06 -1.233e+06 -1.227e+06 -1.238e+06 -1.235e+06 -1.239e+06 -1.236e+06 -1.235e+06 -1.232e+06 -1.238e+06 -1.234e+06
 -1.923e+05 -2.055e+05 -2.077e+05 -2.042e+05 -2.109e+05 -2.083e+05 -1.921e+05 -2.032e+05 -1.95e+05 -1.491e+05 -1.728e+05 -2.012e+05 -2.068e+05 -2.112e+05 -2.04e+05 -2.122e+05 -2.13e+05 -1.993e+05 -1.981e+05 -1.97e+05
 -7.795e+05 -7.801e+05 -7.797e+05 -7.802e+05 -7.802e+05 -7.779e+05 -7.772e+05 -7.794e+05 -7.731e+05 -7.804e+05 -7.753e+05 -7.814e+05 -7.853e+05 -7.841e+05 -7.696e+05 -7.82e+05 -7.612e+05 -7.647e+05 -7.684e+05 -7.736e+05
 -6.827e+06 -6.834e+06 -6.834e+06 -6.835e+06 -6.834e+06 -6.835e+06 -6.834e+06 -6.833e+06 -6.833e+06 -6.835e+06 -6.833e+06 -6.831e+06 -6.835e+06 -6.821e+06 -6.834e+06 -6.832e+06 -6.83e+06 -6.833e+06 -6.819e+06 -6.834e+06
 -6.658e+04 -5.702e+04 -5.753e+04 -6.514e+04 -6.738e+04 -5.546e+04 -3.439e+04 -5.482e+04 -5.334e+04 -9.527e+04 8.489e+04 -5.489e+04 -6.165e+04 -6.547e+04 -5.966e+04 -6.126e+04 -6.011e+04 -4.926e+04 -6.733e+04 -6.435e+04
 -5.488e+05 -5.452e+05 -5.447e+05 -5.159e+05 -5.342e+05 -5.508e+05 -5.454e+05 -5.455e+05 -5.423e+05 -5.484e+05 -5.441e+05 -5.278e+05 -4.925e+05 -5.514e+05 -5.51e+05 -5.472e+05 -5.453e+05 -5.436e+05 -5.6e+05 -5.486e+05
 -1.756e+05 -1.963e+05 -1.928e+05 -1.95e+05 -1.94e+05 -1.89e+05 -1.84e+05 -1.917e+05 -1.82e+05 -1.987e+05 -1.809e+05 -1.902e+05 -2.003e+05 -1.953e+05 -1.948e+05 -1.917e+05 -2.002e+05 -8.652e+04 -1.535e+05 -1.958e+05
 -8.282e+05 -8.268e+05 -8.288e+05 -8.108e+05 -8.364e+05 -8.152e+05 -8.133e+05 -8.293e+05 -8.273e+05 -8.273e+05 -8.27e+05 -8.2e+05 -8.31e+05 -8.327e+05 -8.311e+05 -8.288e+05 -8.307e+05 -8.266e+05 -8.321e+05 -8.278e+05
 -1.511e+05 -1.482e+05 -1.396e+05 -1.524e+05 -1.526e+05 -1.533e+05 -1.496e+05 -1.097e+05 5.298e+04 -1.554e+05 -1.415e+05 -1.16e+05 -1.362e+05 -1.39e+05 -1.461e+05 -1.452e+05 -1.428e+05 -1.372e+05 -1.707e+05 -1.492e+05
 -1.018e+05 -8.87e+04 -8.458e+04 -9.663e+04 -9.553e+04 -8.505e+04 -6.478e+04 -9.274e+04 7.291e+04 -9.047e+04 -8.734e+04 -9.234e+04 -1.033e+05 -8.418e+04 -9.457e+04 -9.7e+04 -9.553e+04 -8.513e+04 -1.122e+05 -9.927e+04
 -2.738e+05 -2.629e+05 -2.646e+05 -2.624e+05 -2.599e+05 -2.6e+05 -2.592e+05 -2.578e+05 -2.582e+05 -2.61e+05 -2.576e+05 -2.67e+05 -2.624e+05 -2.681e+05 -2.673e+05 -2.61e+05 -2.544e+05 -2.702e+05 -2.387e+05 -2.584e+05
 -7.069e+05 -7.039e+05 -6.978e+05 -7.019e+05 -7.065e+05 -6.971e+05 -7.021e+05 -7.013e+05 -6.96e+05 -6.95e+05 -6.954e+05 -6.513e+05 -6.881e+05 -6.943e+05 -6.997e+05 -7e+05 -7.021e+05 -6.971e+05 -7.116e+05 -6.967e+05
 -1.185e+07 -1.185e+07 -1.186e+07 -1.185e+07 -1.185e+07 -1.185e+07 -1.185e+07 -1.185e+07 -1.185e+07 -1.185e+07 -1.185e+07 -1.185e+07 -1.185e+07 -1.184e+07 -1.185e+07 -1.185e+07 -1.185e+07 -1.185e+07 -1.183e+07 -1.185e+07
 -4.125e+05 -3.922e+05 -3.924e+05 -3.95e+05 -3.91e+05 -3.927e+05 -3.95e+05 -3.931e+05 -3.934e+05 -3.704e+05 -3.973e+05 -3.913e+05 -3.946e+05 -3.946e+05 -3.939e+05 -3.826e+05 -3.916e+05 -3.758e+05 -3.902e+05 -4.016e+05
 -2.896e+05 -3.001e+05 -2.968e+05 -3.005e+05 -3.04e+05 -2.972e+05 -2.957e+05 -2.971e+05 -2.941e+05 -2.972e+05 -2.952e+05 -2.968e+05 -3.036e+05 -3.046e+05 -2.954e+05 -2.591e+05 -2.976e+05 -3.021e+05 -3.062e+05 -2.964e+05
 -3.967e+05 -4.125e+05 -4.125e+05 -4.14e+05 -4.137e+05 -4.086e+05 -4.04e+05 -4.092e+05 -4.082e+05 -4.132e+05 -4.07e+05 -4.072e+05 -4.164e+05 -4.197e+05 -4.016e+05 -3.888e+05 -4.122e+05 -4.102e+05 -4.18e+05 -4.104e+05
 -8.442e+04 -6.992e+04 -6.896e+04 -6.924e+04 -6.875e+04 -6.759e+04 -6.353e+04 -6.967e+04 -6.451e+04 -7.376e+04 -6.422e+04 -7.271e+04 -7.181e+04 -7.243e+04 -7.326e+04 -7.625e+04 -8.113e+04 4.108e+04 -4.876e+04 -7.504e+04
 -3.176e+06 -3.191e+06 -3.191e+06 -3.18e+06 -3.183e+06 -3.187e+06 -3.185e+06 -3.188e+06 -3.188e+06 -3.192e+06 -3.19e+06 -3.189e+06 -3.186e+06 -3.184e+06 -3.185e+06 -3.192e+06 -3.193e+06 -3.189e+06 -3.187e+06 -3.186e+06
 -6.594e+05 -6.589e+05 -6.577e+05 -6.582e+05 -6.636e+05 -6.572e+05 -6.563e+05 -6.577e+05 -6.583e+05 -6.634e+05 -6.532e+05 -6.448e+05 -6.685e+05 -6.641e+05 -6.646e+05 -6.638e+05 -6.413e+05 -6.48e+05 -6.251e+05 -6.546e+05
 -1.236e+06 -1.224e+06 -1.146e+06 -1.224e+06 -1.248e+06 -1.207e+06 -1.231e+06 -1.229e+06 -1.229e+06 -1.235e+06 -1.228e+06 -1.234e+06 -1.245e+06 -1.233e+06 -1.236e+06 -1.237e+06 -1.233e+06 -1.23e+06 -1.235e+06 -1.232e+06
 -3.487e+05 -3.552e+05 -3.527e+05 -3.551e+05 -3.541e+05 -3.518e+05 -3.555e+05 -3.57e+05 -3.488e+05 -3.553e+05 -3.533e+05 -3.593e+05 -3.559e+05 -3.56e+05 -3.502e+05 -3.614e+05 -3.138e+05 -3.388e+05 -3.683e+05 -3.335e+05
 -6.679e+05 -6.576e+05 -6.871e+05 -7.203e+05 -6.07e+05 -7.019e+05 -6.867e+05 -6.842e+05 -6.775e+05 -6.868e+05 -6.822e+05 -6.828e+05 -7.009e+05 -6.875e+05 -6.8e+05 -6.898e+05 -6.877e+05 -6.817e+05 -6.974e+05 -6.82e+05
 -2.742e+05 -2.666e+05 -2.874e+05 -2.886e+05 -2.644e+05 -2.762e+05 -9.447e+04 -2.661e+05 -2.601e+05 -2.84e+05 -2.787e+05 -2.65e+05 -2.663e+05 -2.537e+05 -2.696e+05 -2.726e+05 -2.705e+05 -2.695e+05 -2.77e+05 -2.698e+05
 -8.014e+05 -8.129e+05 -8.26e+05 -8.294e+05 -8.268e+05 -8.206e+05 -8.175e+05 -8.231e+05 -8.166e+05 -8.267e+05 -8.189e+05 -8.203e+05 -8.214e+05 -8.26e+05 -7.329e+05 -8.248e+05 -8.248e+05 -8.212e+05 -8.326e+05 -8.059e+05
 -4.202e+05 -3.078e+05 -4.363e+05 -4.276e+05 -4.251e+05 -4.001e+05 -4.051e+05 -4.131e+05 -4.103e+05 -4.177e+05 -4.16e+05 -4.17e+05 -4.307e+05 -4.174e+05 -4.234e+05 -4.146e+05 -4.156e+05 -4.117e+05 -4.253e+05 -4.142e+05
 -1.322e+06 -1.32e+06 -1.302e+06 -1.281e+06 -1.305e+06 -1.323e+06 -1.311e+06 -1.319e+06 -1.317e+06 -1.321e+06 -1.319e+06 -1.318e+06 -1.32e+06 -1.323e+06 -1.322e+06 -1.322e+06 -1.316e+06 -1.318e+06 -1.32e+06 -1.32e+06
 -3.73e+04 -3.372e+04 -3.509e+04 -3.688e+04 -3.573e+04 -3.104e+04 -3.005e+04 -3.048e+04 -2.731e+04 -7.541e+04 9.843e+04 -2.967e+04 -4.011e+04 -3.564e+04 -3.381e+04 -3.911e+04 -3.572e+04 -2.834e+04 -4.126e+04 -3.152e+04
 -2.733e+04 -1.95e+04 -1.802e+04 -2.05e+04 -1.964e+04 -1.859e+04 -1.759e+04 -2.597e+04 -1.721e+04 -2.204e+04 -1.726e+04 -1.992e+04 -2.111e+04 -2.271e+04 -2.039e+04 -2.243e+04 -2.638e+04 1.506e+04 -4010 -2.194e+04
 -1.192e+06 -1.208e+06 -1.207e+06 -1.208e+06 -1.204e+06 -1.206e+06 -1.204e+06 -1.206e+06 -1.206e+06 -1.208e+06 -1.205e+06 -1.204e+06 -1.212e+06 -1.185e+06 -1.207e+06 -1.201e+06 -1.204e+06 -1.207e+06 -1.202e+06 -1.202e+06
 -4.216e+04 -2.728e+04 -2.639e+04 -2.701e+04 -2.614e+04 -2.534e+04 -2.326e+04 -2.354e+04 -2.448e+04 -2.731e+04 -2.366e+04 -2.981e+04 -3.308e+04 -3.328e+04 -2.653e+04 -3.153e+04 -2.683e+04 1110 -8010 -2.61e+04
 -5.814e+05 -5.848e+05 -5.494e+05 -5.705e+05 -5.705e+05 -5.578e+05 -5.754e+05 -5.659e+05 -5.675e+05 -5.609e+05 -5.515e+05 -5.617e+05 -5.683e+05 -5.686e+05 -5.763e+05 -5.674e+05 -5.626e+05 -5.681e+05 -5.646e+05 -5.703e+05
 -5.812e+04 -5.415e+04 -4.826e+04 -5.248e+04 -5.291e+04 -4.356e+04 -3.95e+04 -4.741e+04 -4.81e+04 -4.821e+04 -4.216e+04 7.564e+04 -5.572e+04 -5.173e+04 -4.779e+04 -5.144e+04 -3.488e+04 -4.964e+04 -8.472e+04 -6.418e+04
 -3.672e+04 -2.948e+04 -2.776e+04 -3.036e+04 -2.945e+04 -2.664e+04 -2.51e+04 -2.704e+04 -2.556e+04 -3.047e+04 -2.58e+04 -2.711e+04 -3.204e+04 -2.891e+04 -2.736e+04 -2.86e+04 -3.083e+04 2.484e+04 -2.215e+04 -3.067e+04


