# Created by Octave 4.2.1, Sat Sep 28 18:52:35 2019 CEST <dagigo1@EVIRL-035-OK>
# name: w
# type: matrix
# rows: 2001
# columns: 2
 0 0
 7.053e+04 -7.053e+04
 -1.554e+05 1.554e+05
 7.366e+05 -7.366e+05
 246.4 -246.4
 2.23e+05 -2.23e+05
 8.001e+05 -8.001e+05
 -3.525e+05 3.525e+05
 5.105e+05 -5.105e+05
 4.868e+04 -4.868e+04
 2.985e+05 -2.985e+05
 -1.433e+05 1.433e+05
 -3.685e+04 3.685e+04
 3.697e+05 -3.697e+05
 -1.083e+05 1.083e+05
 -7.13e+05 7.13e+05
 4.692e+05 -4.692e+05
 -6.155e+05 6.155e+05
 7.159e+05 -7.159e+05
 -3.676e+05 3.676e+05
 -6.315e+05 6.315e+05
 -6.077e+05 6.077e+05
 6.973e+04 -6.973e+04
 -3.319e+05 3.319e+05
 -7.138e+05 7.138e+05
 -8.389e+05 8.389e+05
 -7.435e+04 7.435e+04
 7363 -7363
 -5.693e+05 5.693e+05
 1.81e+05 -1.81e+05
 -3.489e+05 3.489e+05
 7.156e+05 -7.156e+05
 6.863e+05 -6.863e+05
 1.255e+05 -1.255e+05
 5.64e+05 -5.64e+05
 -1.506e+06 1.506e+06
 -6.218e+05 6.218e+05
 -3.908e+05 3.908e+05
 -2.024e+05 2.024e+05
 -2.54e+05 2.54e+05
 -2.681e+05 2.681e+05
 6.713e+05 -6.713e+05
 -5.822e+04 5.822e+04
 -5.152e+05 5.152e+05
 -1.255e+05 1.255e+05
 6.155e+05 -6.155e+05
 -3.591e+05 3.591e+05
 9.76e+05 -9.76e+05
 3.136e+05 -3.136e+05
 5.94e+05 -5.94e+05
 1.003e+05 -1.003e+05
 -3.084e+05 3.084e+05
 -2.801e+04 2.801e+04
 -1.02e+06 1.02e+06
 -7468 7468
 4.051e+05 -4.051e+05
 -2.937e+05 2.937e+05
 7.872e+04 -7.872e+04
 -2.394e+05 2.394e+05
 5.529e+05 -5.529e+05
 4.851e+05 -4.851e+05
 -6.184e+05 6.184e+05
 -4.504e+05 4.504e+05
 2.227e+05 -2.227e+05
 -1.153e+05 1.153e+05
 1.9e+04 -1.9e+04
 6.492e+05 -6.492e+05
 -1.885e+05 1.885e+05
 7.238e+05 -7.238e+05
 -9.382e+04 9.382e+04
 -2.307e+05 2.307e+05
 -1.079e+06 1.079e+06
 1.547e+05 -1.547e+05
 8.547e+05 -8.547e+05
 1.584e+06 -1.584e+06
 -1.202e+06 1.202e+06
 -1.828e+06 1.828e+06
 -2.685e+05 2.685e+05
 5.199e+05 -5.199e+05
 -6.295e+05 6.295e+05
 5.424e+05 -5.424e+05
 -8.615e+04 8.615e+04
 -7.124e+05 7.124e+05
 -2.267e+05 2.267e+05
 1.015e+06 -1.015e+06
 -1.108e+04 1.108e+04
 -6.037e+05 6.037e+05
 -8.488e+05 8.488e+05
 -4.376e+05 4.376e+05
 -3121 3121
 2.638e+05 -2.638e+05
 5.873e+05 -5.873e+05
 1.35e+05 -1.35e+05
 -2.828e+05 2.828e+05
 1.179e+06 -1.179e+06
 -1.007e+05 1.007e+05
 -1.576e+05 1.576e+05
 1.335e+06 -1.335e+06
 3.298e+05 -3.298e+05
 -5.872e+05 5.872e+05
 5.949e+04 -5.949e+04
 9.773e+05 -9.773e+05
 -3.909e+05 3.909e+05
 5.559e+05 -5.559e+05
 6.789e+05 -6.789e+05
 3.442e+04 -3.442e+04
 4.218e+05 -4.218e+05
 -2.298e+05 2.298e+05
 1.817e+05 -1.817e+05
 2.368e+05 -2.368e+05
 2.881e+05 -2.881e+05
 -4.918e+05 4.918e+05
 -6.241e+05 6.241e+05
 1.458e+05 -1.458e+05
 1.878e+05 -1.878e+05
 -1.522e+06 1.522e+06
 2.198e+05 -2.198e+05
 7.293e+04 -7.293e+04
 -3.633e+05 3.633e+05
 -1.08e+06 1.08e+06
 6.252e+04 -6.252e+04
 9.562e+05 -9.562e+05
 -1.514e+06 1.514e+06
 6.882e+05 -6.882e+05
 2.527e+05 -2.527e+05
 -1.503e+06 1.503e+06
 -2.533e+05 2.533e+05
 -5.685e+05 5.685e+05
 5.618e+05 -5.618e+05
 4.593e+05 -4.593e+05
 3.84e+05 -3.84e+05
 1.852e+05 -1.852e+05
 2.134e+05 -2.134e+05
 1.02e+05 -1.02e+05
 6.253e+04 -6.253e+04
 1.093e+05 -1.093e+05
 3.545e+05 -3.545e+05
 -2.443e+06 2.443e+06
 -3.629e+05 3.629e+05
 1.621e+05 -1.621e+05
 4.808e+05 -4.808e+05
 -3.154e+05 3.154e+05
 3.649e+05 -3.649e+05
 7.733e+05 -7.733e+05
 7.062e+05 -7.062e+05
 5.79e+05 -5.79e+05
 1.681e+06 -1.681e+06
 -1.793e+05 1.793e+05
 -8.068e+04 8.068e+04
 2.203e+05 -2.203e+05
 1.149e+05 -1.149e+05
 -3.208e+05 3.208e+05
 -1.168e+05 1.168e+05
 1.568e+04 -1.568e+04
 5.448e+04 -5.448e+04
 5.69e+04 -5.69e+04
 -1.03e+05 1.03e+05
 2.656e+05 -2.656e+05
 -7.024e+05 7.024e+05
 6.731e+04 -6.731e+04
 -3.856e+05 3.856e+05
 2.153e+05 -2.153e+05
 -3.272e+05 3.272e+05
 -9.954e+05 9.954e+05
 3.58e+05 -3.58e+05
 1.938e+06 -1.938e+06
 3.642e+05 -3.642e+05
 1.413e+05 -1.413e+05
 4.293e+05 -4.293e+05
 -1.001e+05 1.001e+05
 4.27e+05 -4.27e+05
 5.434e+05 -5.434e+05
 -4.599e+04 4.599e+04
 9.492e+05 -9.492e+05
 4.797e+05 -4.797e+05
 -2.287e+05 2.287e+05
 -7.476e+05 7.476e+05
 7.988e+05 -7.988e+05
 -6.705e+05 6.705e+05
 -8.145e+04 8.145e+04
 -1.515e+05 1.515e+05
 -1.173e+06 1.173e+06
 -1.414e+06 1.414e+06
 7.199e+05 -7.199e+05
 -1.051e+04 1.051e+04
 5.197e+05 -5.197e+05
 1.401e+06 -1.401e+06
 -1.074e+06 1.074e+06
 4.137e+05 -4.137e+05
 -4.234e+05 4.234e+05
 -1.892e+05 1.892e+05
 -1.025e+05 1.025e+05
 1.568e+05 -1.568e+05
 -1.425e+05 1.425e+05
 -9.106e+05 9.106e+05
 -5.574e+05 5.574e+05
 -2.338e+05 2.338e+05
 -4.212e+05 4.212e+05
 3933 -3933
 1.59e+06 -1.59e+06
 2.001e+05 -2.001e+05
 -6.206e+05 6.206e+05
 -4.872e+05 4.872e+05
 -3.298e+05 3.298e+05
 -4.657e+05 4.657e+05
 -2.729e+05 2.729e+05
 -4.358e+05 4.358e+05
 -2.499e+05 2.499e+05
 -5.786e+05 5.786e+05
 7.467e+05 -7.467e+05
 -1.355e+06 1.355e+06
 2.255e+05 -2.255e+05
 -2.951e+05 2.951e+05
 4.659e+05 -4.659e+05
 2.443e+05 -2.443e+05
 1.092e+06 -1.092e+06
 -8.022e+05 8.022e+05
 -5.274e+05 5.274e+05
 2.187e+05 -2.187e+05
 1.159e+06 -1.159e+06
 -3.238e+05 3.238e+05
 8.121e+05 -8.121e+05
 9.316e+05 -9.316e+05
 4.494e+05 -4.494e+05
 2.085e+05 -2.085e+05
 7.4e+05 -7.4e+05
 -1.829e+05 1.829e+05
 2.846e+05 -2.846e+05
 4.106e+05 -4.106e+05
 -7.999e+05 7.999e+05
 -1.475e+05 1.475e+05
 7.709e+05 -7.709e+05
 5.826e+05 -5.826e+05
 -5.222e+05 5.222e+05
 3.385e+05 -3.385e+05
 -2.186e+05 2.186e+05
 2.946e+05 -2.946e+05
 -1.01e+05 1.01e+05
 1.002e+06 -1.002e+06
 1.762e+04 -1.762e+04
 -3.813e+05 3.813e+05
 -3.36e+05 3.36e+05
 4.848e+04 -4.848e+04
 -6.903e+05 6.903e+05
 -9.91e+05 9.91e+05
 -7.442e+05 7.442e+05
 4.163e+05 -4.163e+05
 -7.68e+05 7.68e+05
 -5.25e+05 5.25e+05
 -1.012e+06 1.012e+06
 4.546e+05 -4.546e+05
 5.25e+05 -5.25e+05
 4.097e+05 -4.097e+05
 5.704e+05 -5.704e+05
 -9.527e+05 9.527e+05
 8.996e+05 -8.996e+05
 -5.212e+05 5.212e+05
 7.762e+05 -7.762e+05
 1.185e+06 -1.185e+06
 -4.646e+04 4.646e+04
 1.694e+06 -1.694e+06
 -2.039e+05 2.039e+05
 -1.393e+05 1.393e+05
 -3.642e+05 3.642e+05
 1.173e+06 -1.173e+06
 -1.196e+05 1.196e+05
 3.75e+05 -3.75e+05
 -2.243e+05 2.243e+05
 -3.606e+04 3.606e+04
 1.013e+06 -1.013e+06
 -6.245e+05 6.245e+05
 -8.358e+05 8.358e+05
 -4.129e+05 4.129e+05
 -6.404e+04 6.404e+04
 3.219e+05 -3.219e+05
 6.07e+05 -6.07e+05
 -1.605e+05 1.605e+05
 8.404e+04 -8.404e+04
 -4.105e+05 4.105e+05
 5.762e+04 -5.762e+04
 -2.172e+05 2.172e+05
 -8.393e+04 8.393e+04
 1.589e+05 -1.589e+05
 -3.259e+05 3.259e+05
 1.342e+06 -1.342e+06
 1.648e+05 -1.648e+05
 -2.012e+05 2.012e+05
 -3.643e+04 3.643e+04
 4.92e+05 -4.92e+05
 -5.141e+05 5.141e+05
 -1.171e+05 1.171e+05
 -1.894e+06 1.894e+06
 1.702e+06 -1.702e+06
 1.997e+05 -1.997e+05
 5.524e+05 -5.524e+05
 3.262e+05 -3.262e+05
 -1.276e+06 1.276e+06
 -3.053e+05 3.053e+05
 1.367e+05 -1.367e+05
 -3.613e+05 3.613e+05
 -7.051e+05 7.051e+05
 -5.502e+05 5.502e+05
 1.479e+04 -1.479e+04
 -6.684e+05 6.684e+05
 2.047e+05 -2.047e+05
 -1.163e+05 1.163e+05
 4.302e+05 -4.302e+05
 -7.744e+04 7.744e+04
 -7.713e+05 7.713e+05
 7.885e+04 -7.885e+04
 4.252e+05 -4.252e+05
 1.283e+06 -1.283e+06
 -1.206e+06 1.206e+06
 -1.023e+06 1.023e+06
 3.096e+05 -3.096e+05
 -4.06e+05 4.06e+05
 -6590 6590
 3.178e+05 -3.178e+05
 -5.891e+05 5.891e+05
 4.835e+05 -4.835e+05
 9.775e+05 -9.775e+05
 2.387e+06 -2.387e+06
 5.709e+05 -5.709e+05
 -4.624e+05 4.624e+05
 -4.522e+05 4.522e+05
 2.803e+05 -2.803e+05
 8.8e+05 -8.8e+05
 -5.127e+05 5.127e+05
 -5.357e+05 5.357e+05
 1.864e+05 -1.864e+05
 -5.651e+05 5.651e+05
 5.941e+05 -5.941e+05
 -1.097e+05 1.097e+05
 -2.037e+05 2.037e+05
 1.738e+05 -1.738e+05
 1.765e+05 -1.765e+05
 -1.526e+04 1.526e+04
 3.477e+05 -3.477e+05
 -6.038e+04 6.038e+04
 1.426e+06 -1.426e+06
 2.711e+05 -2.711e+05
 -4.447e+05 4.447e+05
 2.103e+04 -2.103e+04
 -2.521e+04 2.521e+04
 -4.761e+05 4.761e+05
 6208 -6208
 6.436e+05 -6.436e+05
 5.567e+05 -5.567e+05
 1.159e+06 -1.159e+06
 1.013e+06 -1.013e+06
 -5.944e+04 5.944e+04
 -2.031e+05 2.031e+05
 -6.539e+05 6.539e+05
 -4.703e+05 4.703e+05
 -3376 3376
 2.789e+05 -2.789e+05
 -1.076e+06 1.076e+06
 -1.109e+05 1.109e+05
 8.616e+04 -8.616e+04
 5.033e+05 -5.033e+05
 -5.348e+05 5.348e+05
 -5.096e+05 5.096e+05
 -8.186e+04 8.186e+04
 9.503e+05 -9.503e+05
 -3.364e+05 3.364e+05
 2.161e+05 -2.161e+05
 5.781e+05 -5.781e+05
 9598 -9598
 -1.068e+05 1.068e+05
 -1.772e+06 1.772e+06
 2.684e+05 -2.684e+05
 5.185e+05 -5.185e+05
 -2.836e+05 2.836e+05
 -1.688e+06 1.688e+06
 -1.165e+06 1.165e+06
 6.386e+04 -6.386e+04
 5.692e+05 -5.692e+05
 9.812e+05 -9.812e+05
 4.779e+05 -4.779e+05
 -8.996e+05 8.996e+05
 -2.086e+05 2.086e+05
 -9.877e+05 9.877e+05
 8.087e+04 -8.087e+04
 -9.305e+05 9.305e+05
 8.065e+05 -8.065e+05
 7.272e+05 -7.272e+05
 8.557e+04 -8.557e+04
 1.293e+06 -1.293e+06
 7.976e+05 -7.976e+05
 -5.306e+05 5.306e+05
 -3.607e+04 3.607e+04
 -5.136e+05 5.136e+05
 9058 -9058
 -5.926e+05 5.926e+05
 4.29e+05 -4.29e+05
 2.985e+04 -2.985e+04
 1.532e+05 -1.532e+05
 4.354e+05 -4.354e+05
 -7.313e+05 7.313e+05
 3.544e+05 -3.544e+05
 -2.121e+05 2.121e+05
 -9.366e+05 9.366e+05
 -2.134e+05 2.134e+05
 -2.296e+05 2.296e+05
 -4.606e+05 4.606e+05
 -9.323e+05 9.323e+05
 -2.304e+05 2.304e+05
 3088 -3088
 -1.398e+05 1.398e+05
 1.312e+06 -1.312e+06
 -3.137e+04 3.137e+04
 2.461e+05 -2.461e+05
 -1.969e+05 1.969e+05
 1.525e+05 -1.525e+05
 -1.328e+06 1.328e+06
 1.854e+05 -1.854e+05
 1.59e+06 -1.59e+06
 -4.366e+05 4.366e+05
 7.773e+05 -7.773e+05
 -1.924e+05 1.924e+05
 8.561e+05 -8.561e+05
 -2.59e+05 2.59e+05
 1.484e+06 -1.484e+06
 -2.54e+04 2.54e+04
 -2.364e+05 2.364e+05
 -5.76e+05 5.76e+05
 -6.81e+04 6.81e+04
 -2.552e+05 2.552e+05
 -1.445e+05 1.445e+05
 5.66e+05 -5.66e+05
 8.695e+05 -8.695e+05
 -2.287e+05 2.287e+05
 3.269e+05 -3.269e+05
 -2.214e+05 2.214e+05
 -1.399e+06 1.399e+06
 -2.042e+05 2.042e+05
 -6.147e+05 6.147e+05
 5.918e+04 -5.918e+04
 -9.33e+05 9.33e+05
 -2.522e+05 2.522e+05
 5.647e+05 -5.647e+05
 3.834e+05 -3.834e+05
 -5.416e+05 5.416e+05
 4.069e+05 -4.069e+05
 -1.711e+05 1.711e+05
 1.337e+05 -1.337e+05
 2.725e+05 -2.725e+05
 -7.893e+04 7.893e+04
 2.612e+04 -2.612e+04
 1.333e+06 -1.333e+06
 -2037 2037
 -3.03e+05 3.03e+05
 7.056e+05 -7.056e+05
 -5.345e+04 5.345e+04
 2.95e+05 -2.95e+05
 9.056e+05 -9.056e+05
 4.051e+05 -4.051e+05
 1.257e+06 -1.257e+06
 -1.348e+05 1.348e+05
 -2.93e+05 2.93e+05
 -4.45e+05 4.45e+05
 6.403e+05 -6.403e+05
 5.652e+05 -5.652e+05
 -2.534e+05 2.534e+05
 8.988e+05 -8.988e+05
 1.08e+05 -1.08e+05
 2.11e+05 -2.11e+05
 -4.551e+05 4.551e+05
 3.558e+05 -3.558e+05
 1.932e+04 -1.932e+04
 -7.407e+05 7.407e+05
 5.777e+05 -5.777e+05
 3.941e+04 -3.941e+04
 -6.217e+05 6.217e+05
 3.614e+05 -3.614e+05
 1.349e+06 -1.349e+06
 3.054e+05 -3.054e+05
 -6.093e+04 6.093e+04
 -2.569e+05 2.569e+05
 -1.136e+05 1.136e+05
 -2.701e+04 2.701e+04
 -6.869e+04 6.869e+04
 1.656e+05 -1.656e+05
 4.169e+05 -4.169e+05
 1.022e+05 -1.022e+05
 6565 -6565
 5.059e+04 -5.059e+04
 -1.814e+06 1.814e+06
 4043 -4043
 2.454e+05 -2.454e+05
 -3.681e+05 3.681e+05
 325.9 -325.9
 -2.127e+05 2.127e+05
 -3.915e+05 3.915e+05
 -1.587e+05 1.587e+05
 -1.123e+06 1.123e+06
 -1.878e+05 1.878e+05
 -6.289e+05 6.289e+05
 1.646e+06 -1.646e+06
 -1.678e+06 1.678e+06
 -3.507e+04 3.507e+04
 9.137e+05 -9.137e+05
 -1.079e+06 1.079e+06
 1.067e+05 -1.067e+05
 9.275e+04 -9.275e+04
 -1.125e+06 1.125e+06
 -9.568e+05 9.568e+05
 -5.213e+05 5.213e+05
 3.168e+04 -3.168e+04
 8.356e+05 -8.356e+05
 -1.592e+05 1.592e+05
 -1.682e+05 1.682e+05
 -1.671e+05 1.671e+05
 -5.864e+05 5.864e+05
 -3.221e+05 3.221e+05
 -1.293e+05 1.293e+05
 -9.572e+05 9.572e+05
 -2.217e+05 2.217e+05
 -3.024e+05 3.024e+05
 -9.266e+05 9.266e+05
 7.728e+04 -7.728e+04
 8.838e+05 -8.838e+05
 -7.971e+05 7.971e+05
 9.91e+05 -9.91e+05
 -4.993e+05 4.993e+05
 -9.695e+04 9.695e+04
 -1.574e+05 1.574e+05
 4.734e+05 -4.734e+05
 -1.387e+04 1.387e+04
 -4.817e+04 4.817e+04
 9.516e+05 -9.516e+05
 2.563e+05 -2.563e+05
 -8.138e+05 8.138e+05
 3.65e+05 -3.65e+05
 3.623e+05 -3.623e+05
 -9.683e+05 9.683e+05
 5.497e+05 -5.497e+05
 -8.549e+04 8.549e+04
 1.346e+06 -1.346e+06
 -7.889e+04 7.889e+04
 -1.005e+06 1.005e+06
 -5.473e+05 5.473e+05
 -4.232e+05 4.232e+05
 5.574e+05 -5.574e+05
 7.401e+05 -7.401e+05
 -1.305e+06 1.305e+06
 1.264e+06 -1.264e+06
 -7.05e+05 7.05e+05
 -4.731e+05 4.731e+05
 -1.255e+05 1.255e+05
 4.215e+05 -4.215e+05
 3.765e+05 -3.765e+05
 7.476e+05 -7.476e+05
 -6.747e+05 6.747e+05
 4.806e+05 -4.806e+05
 8028 -8028
 -1.332e+05 1.332e+05
 -1.514e+04 1.514e+04
 -3.785e+05 3.785e+05
 -5.117e+05 5.117e+05
 6.843e+05 -6.843e+05
 -7.994e+05 7.994e+05
 -1.121e+05 1.121e+05
 9.239e+04 -9.239e+04
 4.298e+05 -4.298e+05
 -1.207e+06 1.207e+06
 5.685e+05 -5.685e+05
 1.566e+05 -1.566e+05
 3.713e+05 -3.713e+05
 -6.943e+05 6.943e+05
 -3.857e+05 3.857e+05
 1.035e+04 -1.035e+04
 -3.266e+05 3.266e+05
 1.674e+06 -1.674e+06
 -3.131e+05 3.131e+05
 -4.346e+05 4.346e+05
 -5.028e+04 5.028e+04
 1.307e+06 -1.307e+06
 2.134e+05 -2.134e+05
 8.291e+04 -8.291e+04
 3.57e+05 -3.57e+05
 1.134e+05 -1.134e+05
 -5.416e+05 5.416e+05
 -4.598e+04 4.598e+04
 1.276e+06 -1.276e+06
 1.71e+06 -1.71e+06
 8.461e+04 -8.461e+04
 -3.544e+05 3.544e+05
 -5.737e+05 5.737e+05
 3.338e+05 -3.338e+05
 -5.345e+05 5.345e+05
 8.891e+05 -8.891e+05
 -8.399e+05 8.399e+05
 4.465e+05 -4.465e+05
 3.213e+05 -3.213e+05
 -6.447e+05 6.447e+05
 -4.888e+05 4.888e+05
 -2.24e+05 2.24e+05
 1.121e+05 -1.121e+05
 4.608e+05 -4.608e+05
 -4.445e+05 4.445e+05
 -6.079e+05 6.079e+05
 -8.607e+04 8.607e+04
 9.304e+05 -9.304e+05
 4.841e+04 -4.841e+04
 5.31e+05 -5.31e+05
 2.264e+06 -2.264e+06
 1.021e+06 -1.021e+06
 -1.164e+06 1.164e+06
 5.401e+05 -5.401e+05
 -3.952e+05 3.952e+05
 -7.663e+05 7.663e+05
 -1.891e+04 1.891e+04
 -4.14e+05 4.14e+05
 -4.352e+05 4.352e+05
 3.906e+05 -3.906e+05
 -5.864e+05 5.864e+05
 -7.021e+05 7.021e+05
 1.052e+05 -1.052e+05
 -7.881e+05 7.881e+05
 -9.702e+04 9.702e+04
 -1.217e+06 1.217e+06
 5.445e+05 -5.445e+05
 5.58e+04 -5.58e+04
 -1.685e+05 1.685e+05
 1.824e+05 -1.824e+05
 -3.347e+05 3.347e+05
 -1.567e+05 1.567e+05
 -2.058e+05 2.058e+05
 -9.334e+05 9.334e+05
 1.179e+05 -1.179e+05
 -8.869e+05 8.869e+05
 2.193e+04 -2.193e+04
 -2.505e+05 2.505e+05
 4.086e+05 -4.086e+05
 -1.038e+06 1.038e+06
 2.243e+05 -2.243e+05
 -7.503e+04 7.503e+04
 -2.548e+05 2.548e+05
 -4.95e+05 4.95e+05
 1.365e+05 -1.365e+05
 1.059e+06 -1.059e+06
 4.429e+04 -4.429e+04
 2.105e+05 -2.105e+05
 -1.272e+06 1.272e+06
 -3.083e+05 3.083e+05
 -3.104e+05 3.104e+05
 3.006e+05 -3.006e+05
 -3.77e+05 3.77e+05
 -6192 6192
 6.01e+05 -6.01e+05
 -3.906e+05 3.906e+05
 8.861e+05 -8.861e+05
 1.426e+06 -1.426e+06
 -2.922e+05 2.922e+05
 1942 -1942
 1.21e+05 -1.21e+05
 8.782e+05 -8.782e+05
 4.468e+04 -4.468e+04
 2.655e+05 -2.655e+05
 5.311e+05 -5.311e+05
 -1.752e+06 1.752e+06
 -5.521e+04 5.521e+04
 -1.488e+06 1.488e+06
 -1.291e+05 1.291e+05
 2.687e+05 -2.687e+05
 -1.013e+06 1.013e+06
 -4.094e+04 4.094e+04
 -4.853e+05 4.853e+05
 -8.971e+05 8.971e+05
 -6.296e+05 6.296e+05
 -1.034e+05 1.034e+05
 9.342e+04 -9.342e+04
 2.83e+05 -2.83e+05
 -9.668e+05 9.668e+05
 -3.633e+05 3.633e+05
 5.653e+04 -5.653e+04
 -2.673e+05 2.673e+05
 -5.972e+04 5.972e+04
 -4.478e+05 4.478e+05
 -4.244e+05 4.244e+05
 -2.484e+05 2.484e+05
 -6.017e+04 6.017e+04
 -2.865e+04 2.865e+04
 2.376e+05 -2.376e+05
 -7.157e+05 7.157e+05
 3.135e+04 -3.135e+04
 -5.762e+05 5.762e+05
 3.407e+05 -3.407e+05
 5.18e+05 -5.18e+05
 -4.758e+05 4.758e+05
 -3.346e+05 3.346e+05
 3.902e+04 -3.902e+04
 -2.199e+05 2.199e+05
 -2.576e+05 2.576e+05
 -1.004e+06 1.004e+06
 3.388e+05 -3.388e+05
 7.111e+05 -7.111e+05
 1.166e+05 -1.166e+05
 4.677e+05 -4.677e+05
 -6.198e+05 6.198e+05
 1.077e+06 -1.077e+06
 1.973e+05 -1.973e+05
 -1.31e+05 1.31e+05
 -5.552e+05 5.552e+05
 3.252e+05 -3.252e+05
 -5.604e+05 5.604e+05
 9.175e+04 -9.175e+04
 1.532e+04 -1.532e+04
 -1.442e+05 1.442e+05
 -1.078e+06 1.078e+06
 1.58e+06 -1.58e+06
 -4.546e+05 4.546e+05
 6.471e+05 -6.471e+05
 1.345e+06 -1.345e+06
 -3.575e+04 3.575e+04
 4.031e+06 -4.031e+06
 2.699e+05 -2.699e+05
 -5.13e+05 5.13e+05
 -1.283e+05 1.283e+05
 -3.43e+05 3.43e+05
 -1.652e+06 1.652e+06
 -5.821e+05 5.821e+05
 -5.92e+05 5.92e+05
 4.584e+05 -4.584e+05
 -4685 4685
 -6.865e+05 6.865e+05
 8.144e+05 -8.144e+05
 -3.427e+05 3.427e+05
 1.442e+06 -1.442e+06
 -4.071e+04 4.071e+04
 6.771e+05 -6.771e+05
 4.007e+05 -4.007e+05
 1.953e+05 -1.953e+05
 2.333e+05 -2.333e+05
 2.023e+05 -2.023e+05
 -1.041e+06 1.041e+06
 -4.858e+05 4.858e+05
 -2.049e+05 2.049e+05
 -1.387e+05 1.387e+05
 -1.193e+05 1.193e+05
 -7.576e+05 7.576e+05
 1.428e+06 -1.428e+06
 1.11e+05 -1.11e+05
 -1.782e+05 1.782e+05
 -1.9e+05 1.9e+05
 3.733e+05 -3.733e+05
 -7.866e+05 7.866e+05
 1.471e+06 -1.471e+06
 2.028e+05 -2.028e+05
 -1.56e+05 1.56e+05
 4.59e+05 -4.59e+05
 -1.455e+06 1.455e+06
 1.448e+05 -1.448e+05
 1.233e+05 -1.233e+05
 -8.544e+05 8.544e+05
 -3.473e+05 3.473e+05
 -2.259e+05 2.259e+05
 4.535e+05 -4.535e+05
 1.628e+06 -1.628e+06
 -5.967e+05 5.967e+05
 -5.051e+05 5.051e+05
 -7.489e+05 7.489e+05
 2677 -2677
 -4.602e+04 4.602e+04
 -7.382e+05 7.382e+05
 -4.407e+05 4.407e+05
 5.665e+05 -5.665e+05
 1.365e+06 -1.365e+06
 -1.707e+06 1.707e+06
 1.034e+06 -1.034e+06
 -1.244e+06 1.244e+06
 5.232e+05 -5.232e+05
 -1.363e+06 1.363e+06
 2.958e+05 -2.958e+05
 -1.199e+05 1.199e+05
 -8.541e+05 8.541e+05
 -1.944e+05 1.944e+05
 5.283e+04 -5.283e+04
 5.655e+05 -5.655e+05
 -2.258e+05 2.258e+05
 6.753e+05 -6.753e+05
 5.322e+05 -5.322e+05
 -1.649e+06 1.649e+06
 7.571e+05 -7.571e+05
 -4.758e+05 4.758e+05
 6.124e+05 -6.124e+05
 -3.592e+04 3.592e+04
 3.396e+05 -3.396e+05
 -8.188e+05 8.188e+05
 6.775e+05 -6.775e+05
 -1.231e+05 1.231e+05
 1.204e+06 -1.204e+06
 -1.886e+05 1.886e+05
 1.537e+05 -1.537e+05
 5.844e+05 -5.844e+05
 -5.847e+05 5.847e+05
 -6.384e+04 6.384e+04
 1.234e+05 -1.234e+05
 7.818e+05 -7.818e+05
 6.991e+05 -6.991e+05
 4.8e+05 -4.8e+05
 2.945e+05 -2.945e+05
 1.636e+06 -1.636e+06
 2.884e+04 -2.884e+04
 3.039e+05 -3.039e+05
 -7.726e+04 7.726e+04
 -1.021e+05 1.021e+05
 -3.508e+05 3.508e+05
 6.224e+05 -6.224e+05
 6.729e+05 -6.729e+05
 4.523e+05 -4.523e+05
 -2.783e+05 2.783e+05
 2.373e+05 -2.373e+05
 9.084e+05 -9.084e+05
 -3.772e+05 3.772e+05
 -5.003e+05 5.003e+05
 3.432e+04 -3.432e+04
 -6.81e+05 6.81e+05
 8.791e+05 -8.791e+05
 1.924e+05 -1.924e+05
 2.18e+05 -2.18e+05
 3.248e+05 -3.248e+05
 -3.899e+05 3.899e+05
 2.999e+05 -2.999e+05
 4.177e+05 -4.177e+05
 -1.87e+05 1.87e+05
 1.438e+05 -1.438e+05
 3.076e+05 -3.076e+05
 1.662e+05 -1.662e+05
 8.897e+05 -8.897e+05
 1.444e+06 -1.444e+06
 2.494e+05 -2.494e+05
 9.65e+05 -9.65e+05
 -9.431e+05 9.431e+05
 -3.056e+05 3.056e+05
 -9.323e+05 9.323e+05
 -1.313e+05 1.313e+05
 -2.727e+05 2.727e+05
 -1.331e+06 1.331e+06
 -2.378e+05 2.378e+05
 -1.794e+05 1.794e+05
 -1.33e+05 1.33e+05
 9.341e+05 -9.341e+05
 3.087e+04 -3.087e+04
 -8.536e+05 8.536e+05
 2.171e+04 -2.171e+04
 4.868e+05 -4.868e+05
 -8.421e+05 8.421e+05
 1.768e+06 -1.768e+06
 2.218e+05 -2.218e+05
 9.704e+05 -9.704e+05
 -8.175e+05 8.175e+05
 -3.461e+05 3.461e+05
 1.561e+05 -1.561e+05
 1.215e+04 -1.215e+04
 1.317e+05 -1.317e+05
 -3.88e+05 3.88e+05
 1.529e+05 -1.529e+05
 -7.184e+05 7.184e+05
 -3.591e+05 3.591e+05
 -1.489e+04 1.489e+04
 -8.632e+05 8.632e+05
 1.851e+05 -1.851e+05
 5.074e+04 -5.074e+04
 2.081e+05 -2.081e+05
 -5.559e+05 5.559e+05
 2.141e+05 -2.141e+05
 -7.588e+04 7.588e+04
 3.596e+04 -3.596e+04
 6.23e+05 -6.23e+05
 5.185e+05 -5.185e+05
 9.296e+04 -9.296e+04
 4.674e+05 -4.674e+05
 -8.059e+05 8.059e+05
 4.477e+05 -4.477e+05
 -5.602e+05 5.602e+05
 2.117e+05 -2.117e+05
 1.014e+06 -1.014e+06
 6.266e+05 -6.266e+05
 1.36e+06 -1.36e+06
 9.4e+05 -9.4e+05
 4289 -4289
 8.13e+05 -8.13e+05
 1.03e+05 -1.03e+05
 8.899e+05 -8.899e+05
 4.029e+05 -4.029e+05
 -3.601e+05 3.601e+05
 -1.674e+05 1.674e+05
 -1.81e+05 1.81e+05
 1449 -1449
 -5.196e+05 5.196e+05
 -3.503e+05 3.503e+05
 2.809e+05 -2.809e+05
 2.361e+05 -2.361e+05
 -1.766e+05 1.766e+05
 1.619e+06 -1.619e+06
 -4.352e+05 4.352e+05
 -6.862e+04 6.862e+04
 -3.627e+05 3.627e+05
 -3.445e+05 3.445e+05
 -2.032e+04 2.032e+04
 -2.414e+05 2.414e+05
 6.317e+05 -6.317e+05
 -1.131e+06 1.131e+06
 2.262e+05 -2.262e+05
 1.05e+06 -1.05e+06
 -4.185e+05 4.185e+05
 -1.486e+05 1.486e+05
 3.775e+05 -3.775e+05
 1.621e+06 -1.621e+06
 -4.385e+05 4.385e+05
 9.418e+05 -9.418e+05
 -8.03e+04 8.03e+04
 -1.725e+05 1.725e+05
 -1.827e+05 1.827e+05
 -1.718e+05 1.718e+05
 1.313e+06 -1.313e+06
 2.825e+05 -2.825e+05
 -1.113e+06 1.113e+06
 4.011e+05 -4.011e+05
 1.818e+05 -1.818e+05
 4.559e+05 -4.559e+05
 -9.05e+05 9.05e+05
 -3.56e+05 3.56e+05
 -2.757e+05 2.757e+05
 9.46e+05 -9.46e+05
 -4.705e+05 4.705e+05
 3.245e+04 -3.245e+04
 -5.593e+05 5.593e+05
 -6.845e+04 6.845e+04
 -3.087e+05 3.087e+05
 -7.863e+05 7.863e+05
 -3.319e+05 3.319e+05
 4.871e+05 -4.871e+05
 4.435e+05 -4.435e+05
 -3.091e+05 3.091e+05
 7.785e+05 -7.785e+05
 -2.306e+05 2.306e+05
 2.497e+05 -2.497e+05
 1.847e+05 -1.847e+05
 3.426e+05 -3.426e+05
 -2.443e+05 2.443e+05
 -1.894e+05 1.894e+05
 -4.852e+05 4.852e+05
 -1.283e+05 1.283e+05
 -1.68e+05 1.68e+05
 -3.495e+04 3.495e+04
 8.994e+04 -8.994e+04
 -9.972e+05 9.972e+05
 -2.995e+05 2.995e+05
 -2.088e+05 2.088e+05
 -3.186e+05 3.186e+05
 -5.772e+05 5.772e+05
 7.788e+05 -7.788e+05
 -4.733e+05 4.733e+05
 -2.146e+05 2.146e+05
 1.533e+05 -1.533e+05
 9.435e+05 -9.435e+05
 -3.05e+05 3.05e+05
 -7.467e+04 7.467e+04
 -1.227e+06 1.227e+06
 1.112e+06 -1.112e+06
 8.129e+05 -8.129e+05
 2.696e+05 -2.696e+05
 4.631e+04 -4.631e+04
 -1.018e+06 1.018e+06
 -1.548e+06 1.548e+06
 2.313e+05 -2.313e+05
 -5.348e+05 5.348e+05
 8026 -8026
 1.163e+06 -1.163e+06
 -5.388e+05 5.388e+05
 3.744e+05 -3.744e+05
 7.277e+05 -7.277e+05
 -4.827e+05 4.827e+05
 7.276e+04 -7.276e+04
 1.055e+06 -1.055e+06
 1.51e+05 -1.51e+05
 1.087e+05 -1.087e+05
 -4.668e+05 4.668e+05
 1.867e+05 -1.867e+05
 -4.807e+05 4.807e+05
 -5.46e+05 5.46e+05
 2.991e+05 -2.991e+05
 3.63e+05 -3.63e+05
 -2.027e+05 2.027e+05
 -1.758e+05 1.758e+05
 -2.562e+05 2.562e+05
 1.962e+05 -1.962e+05
 2.968e+05 -2.968e+05
 1.164e+06 -1.164e+06
 -6.902e+05 6.902e+05
 4.811e+04 -4.811e+04
 2.624e+05 -2.624e+05
 1.544e+05 -1.544e+05
 -2.397e+05 2.397e+05
 -1.638e+06 1.638e+06
 8.295e+04 -8.295e+04
 2.47e+05 -2.47e+05
 -1.074e+06 1.074e+06
 3.429e+05 -3.429e+05
 -6.612e+05 6.612e+05
 -6.522e+04 6.522e+04
 8.45e+05 -8.45e+05
 -5.783e+05 5.783e+05
 -1.042e+04 1.042e+04
 -5.48e+05 5.48e+05
 -8.31e+04 8.31e+04
 -3.709e+05 3.709e+05
 -3877 3877
 7e+04 -7e+04
 -1.699e+05 1.699e+05
 1.609e+05 -1.609e+05
 7.466e+05 -7.466e+05
 7.41e+05 -7.41e+05
 -6.197e+05 6.197e+05
 4.47e+05 -4.47e+05
 -2.518e+05 2.518e+05
 -2.429e+05 2.429e+05
 9.548e+04 -9.548e+04
 -9.879e+05 9.879e+05
 3.307e+05 -3.307e+05
 -3.902e+05 3.902e+05
 -1.262e+06 1.262e+06
 -8.321e+05 8.321e+05
 -3.788e+05 3.788e+05
 1.466e+05 -1.466e+05
 -6.975e+05 6.975e+05
 4.136e+05 -4.136e+05
 -1.011e+06 1.011e+06
 2.342e+05 -2.342e+05
 -7.694e+04 7.694e+04
 -8.385e+04 8.385e+04
 3.247e+05 -3.247e+05
 -3.397e+05 3.397e+05
 -6.357e+05 6.357e+05
 -2.843e+05 2.843e+05
 -8.244e+05 8.244e+05
 -7.837e+04 7.837e+04
 -5.784e+04 5.784e+04
 -1.298e+05 1.298e+05
 -4.059e+05 4.059e+05
 5.598e+05 -5.598e+05
 6.64e+05 -6.64e+05
 -4.216e+05 4.216e+05
 1.095e+04 -1.095e+04
 6.06e+05 -6.06e+05
 2.419e+05 -2.419e+05
 7.221e+05 -7.221e+05
 2.053e+05 -2.053e+05
 1.037e+05 -1.037e+05
 1.056e+06 -1.056e+06
 -9.405e+05 9.405e+05
 -7.148e+04 7.148e+04
 -8.541e+05 8.541e+05
 -2.484e+04 2.484e+04
 4.9e+05 -4.9e+05
 -3.069e+05 3.069e+05
 -1.102e+06 1.102e+06
 -5.332e+05 5.332e+05
 -1.04e+05 1.04e+05
 7.539e+05 -7.539e+05
 -9.764e+05 9.764e+05
 1.936e+05 -1.936e+05
 -1.584e+06 1.584e+06
 -7.977e+05 7.977e+05
 9.91e+05 -9.91e+05
 -1.739e+05 1.739e+05
 1.172e+05 -1.172e+05
 -1.842e+05 1.842e+05
 2.477e+05 -2.477e+05
 -6.459e+05 6.459e+05
 1.79e+06 -1.79e+06
 -1.345e+05 1.345e+05
 1.154e+06 -1.154e+06
 -1.051e+06 1.051e+06
 5.758e+05 -5.758e+05
 -2.27e+05 2.27e+05
 -1.938e+05 1.938e+05
 8.238e+05 -8.238e+05
 8.644e+05 -8.644e+05
 -4.924e+05 4.924e+05
 -1.132e+06 1.132e+06
 -5.308e+05 5.308e+05
 4.28e+05 -4.28e+05
 2.562e+05 -2.562e+05
 1.47e+04 -1.47e+04
 -2.968e+05 2.968e+05
 -1.024e+06 1.024e+06
 -1.812e+05 1.812e+05
 -1.946e+05 1.946e+05
 -2.089e+04 2.089e+04
 7.804e+05 -7.804e+05
 2.646e+05 -2.646e+05
 2.222e+06 -2.222e+06
 -5.852e+05 5.852e+05
 4.263e+05 -4.263e+05
 -2.013e+05 2.013e+05
 1.125e+05 -1.125e+05
 -9.338e+05 9.338e+05
 7.286e+05 -7.286e+05
 1.685e+05 -1.685e+05
 -4.005e+04 4.005e+04
 -2.079e+04 2.079e+04
 -1.148e+06 1.148e+06
 2.86e+05 -2.86e+05
 2.26e+05 -2.26e+05
 -2.592e+05 2.592e+05
 -2.242e+05 2.242e+05
 6.403e+05 -6.403e+05
 2.772e+05 -2.772e+05
 4.175e+05 -4.175e+05
 -1.489e+05 1.489e+05
 7.346e+05 -7.346e+05
 -1.08e+06 1.08e+06
 -6.916e+04 6.916e+04
 8.892e+05 -8.892e+05
 -8.303e+05 8.303e+05
 1.796e+05 -1.796e+05
 1.425e+05 -1.425e+05
 -1.905e+05 1.905e+05
 -2.502e+04 2.502e+04
 -2.415e+05 2.415e+05
 -2.464e+05 2.464e+05
 -2.905e+05 2.905e+05
 -5.218e+05 5.218e+05
 3.82e+05 -3.82e+05
 -4.667e+05 4.667e+05
 -9.291e+05 9.291e+05
 -5.001e+05 5.001e+05
 2.754e+05 -2.754e+05
 4.742e+05 -4.742e+05
 -9.061e+05 9.061e+05
 -1.029e+05 1.029e+05
 -7.728e+05 7.728e+05
 5.451e+04 -5.451e+04
 -2.016e+05 2.016e+05
 -6.009e+05 6.009e+05
 8.31e+05 -8.31e+05
 1.156e+05 -1.156e+05
 -4.359e+05 4.359e+05
 1.62e+05 -1.62e+05
 -1.728e+05 1.728e+05
 8.979e+05 -8.979e+05
 4.315e+05 -4.315e+05
 -2.384e+05 2.384e+05
 7.108e+05 -7.108e+05
 3.002e+04 -3.002e+04
 -4.327e+04 4.327e+04
 -6.12e+04 6.12e+04
 -8.197e+05 8.197e+05
 3039 -3039
 1.976e+05 -1.976e+05
 2.146e+06 -2.146e+06
 6268 -6268
 -1.54e+05 1.54e+05
 8.86e+05 -8.86e+05
 4.157e+05 -4.157e+05
 -5.869e+05 5.869e+05
 1.284e+06 -1.284e+06
 -7.377e+05 7.377e+05
 -3.034e+05 3.034e+05
 -9.544e+05 9.544e+05
 4.682e+05 -4.682e+05
 1.317e+05 -1.317e+05
 -1.781e+05 1.781e+05
 5.679e+05 -5.679e+05
 -6.948e+05 6.948e+05
 -7.997e+05 7.997e+05
 1.554e+05 -1.554e+05
 -1.237e+06 1.237e+06
 8.109e+05 -8.109e+05
 2.405e+05 -2.405e+05
 -3.164e+05 3.164e+05
 -9.088e+05 9.088e+05
 9.034e+05 -9.034e+05
 -1.19e+06 1.19e+06
 -3.033e+05 3.033e+05
 1.031e+05 -1.031e+05
 5.41e+05 -5.41e+05
 2.968e+05 -2.968e+05
 -5.812e+05 5.812e+05
 -2.085e+05 2.085e+05
 1.02e+06 -1.02e+06
 -4.843e+04 4.843e+04
 1.034e+05 -1.034e+05
 -8.763e+04 8.763e+04
 3.74e+05 -3.74e+05
 -3.824e+05 3.824e+05
 3.465e+05 -3.465e+05
 2.61e+05 -2.61e+05
 2.471e+05 -2.471e+05
 -3.563e+05 3.563e+05
 3.667e+05 -3.667e+05
 8.109e+05 -8.109e+05
 -1.975e+06 1.975e+06
 -2.88e+04 2.88e+04
 6.014e+05 -6.014e+05
 -1.807e+06 1.807e+06
 1.537e+05 -1.537e+05
 3.855e+05 -3.855e+05
 -8.789e+04 8.789e+04
 1.4e+05 -1.4e+05
 7.479e+04 -7.479e+04
 9.336e+04 -9.336e+04
 7.393e+04 -7.393e+04
 -1.929e+04 1.929e+04
 -3.497e+05 3.497e+05
 6.254e+04 -6.254e+04
 -6.004e+05 6.004e+05
 -6.241e+05 6.241e+05
 7.579e+05 -7.579e+05
 1.978e+05 -1.978e+05
 5e+05 -5e+05
 1.993e+05 -1.993e+05
 -6.481e+04 6.481e+04
 5.718e+05 -5.718e+05
 -4.259e+05 4.259e+05
 1.244e+05 -1.244e+05
 -9.816e+05 9.816e+05
 -5.474e+05 5.474e+05
 2.251e+05 -2.251e+05
 4.503e+05 -4.503e+05
 -6.296e+05 6.296e+05
 -8.771e+05 8.771e+05
 -8.042e+05 8.042e+05
 -3.465e+05 3.465e+05
 -6.06e+04 6.06e+04
 -1.292e+06 1.292e+06
 -5.241e+05 5.241e+05
 3.734e+05 -3.734e+05
 -1.828e+05 1.828e+05
 1.505e+05 -1.505e+05
 -4.434e+05 4.434e+05
 1.352e+06 -1.352e+06
 -3.526e+05 3.526e+05
 1.377e+06 -1.377e+06
 -1.598e+05 1.598e+05
 -3.814e+05 3.814e+05
 -1.382e+06 1.382e+06
 7.889e+05 -7.889e+05
 4.566e+05 -4.566e+05
 5.327e+05 -5.327e+05
 -2.56e+05 2.56e+05
 -1.356e+06 1.356e+06
 -5.368e+05 5.368e+05
 1.157e+06 -1.157e+06
 -9.423e+05 9.423e+05
 -6.163e+05 6.163e+05
 -5.219e+05 5.219e+05
 -9.957e+04 9.957e+04
 -3.416e+05 3.416e+05
 1.42e+05 -1.42e+05
 -8.317e+05 8.317e+05
 -1.938e+05 1.938e+05
 3.069e+05 -3.069e+05
 -3.742e+05 3.742e+05
 1.076e+06 -1.076e+06
 8.183e+05 -8.183e+05
 7.518e+05 -7.518e+05
 -5.692e+05 5.692e+05
 4.236e+04 -4.236e+04
 6.548e+05 -6.548e+05
 3.696e+05 -3.696e+05
 4.792e+05 -4.792e+05
 5.09e+05 -5.09e+05
 -9.453e+05 9.453e+05
 -2.923e+05 2.923e+05
 1.975e+05 -1.975e+05
 6.004e+05 -6.004e+05
 4.945e+05 -4.945e+05
 1.236e+05 -1.236e+05
 6.48e+05 -6.48e+05
 4.824e+05 -4.824e+05
 6.23e+05 -6.23e+05
 -7.097e+04 7.097e+04
 -8.333e+05 8.333e+05
 -2.61e+05 2.61e+05
 5.458e+05 -5.458e+05
 -6.027e+05 6.027e+05
 -3.702e+05 3.702e+05
 8.746e+05 -8.746e+05
 -8.744e+05 8.744e+05
 9.24e+05 -9.24e+05
 3.359e+05 -3.359e+05
 -9.326e+05 9.326e+05
 -1.073e+06 1.073e+06
 4.025e+05 -4.025e+05
 -8.711e+05 8.711e+05
 3.893e+05 -3.893e+05
 4.363e+05 -4.363e+05
 1.402e+05 -1.402e+05
 9.166e+05 -9.166e+05
 1.229e+06 -1.229e+06
 5.516e+05 -5.516e+05
 -9.272e+04 9.272e+04
 1.103e+06 -1.103e+06
 -4790 4790
 -1.897e+05 1.897e+05
 -3.363e+05 3.363e+05
 7794 -7794
 1.054e+06 -1.054e+06
 -1.05e+06 1.05e+06
 -8.969e+05 8.969e+05
 3.072e+05 -3.072e+05
 -5.178e+04 5.178e+04
 2.603e+05 -2.603e+05
 3.53e+05 -3.53e+05
 -6.273e+04 6.273e+04
 -4.69e+05 4.69e+05
 -4.646e+05 4.646e+05
 -4.94e+05 4.94e+05
 6.502e+05 -6.502e+05
 8.907e+05 -8.907e+05
 8.541e+05 -8.541e+05
 4.262e+05 -4.262e+05
 3.35e+05 -3.35e+05
 3.036e+05 -3.036e+05
 6.71e+05 -6.71e+05
 -5.541e+05 5.541e+05
 -5.629e+05 5.629e+05
 1.566e+05 -1.566e+05
 -3.702e+05 3.702e+05
 2.714e+05 -2.714e+05
 -2.997e+05 2.997e+05
 7.74e+05 -7.74e+05
 -1.468e+06 1.468e+06
 1.796e+05 -1.796e+05
 7.7e+05 -7.7e+05
 -2.522e+05 2.522e+05
 5.332e+05 -5.332e+05
 -1.977e+04 1.977e+04
 2.72e+05 -2.72e+05
 1.321e+05 -1.321e+05
 -1.4e+05 1.4e+05
 2.802e+05 -2.802e+05
 -1.162e+06 1.162e+06
 2.326e+05 -2.326e+05
 -1.79e+06 1.79e+06
 1.417e+06 -1.417e+06
 -2.928e+05 2.928e+05
 -1.031e+06 1.031e+06
 9.546e+04 -9.546e+04
 5.726e+04 -5.726e+04
 -6.06e+05 6.06e+05
 4.23e+05 -4.23e+05
 -1.986e+05 1.986e+05
 -5.629e+05 5.629e+05
 -7.931e+05 7.931e+05
 -3.751e+05 3.751e+05
 -3.049e+05 3.049e+05
 1.304e+06 -1.304e+06
 -1.801e+05 1.801e+05
 2.582e+05 -2.582e+05
 3.227e+05 -3.227e+05
 8.193e+05 -8.193e+05
 2.084e+05 -2.084e+05
 -6.906e+04 6.906e+04
 5.51e+04 -5.51e+04
 4.194e+04 -4.194e+04
 7.29e+05 -7.29e+05
 2.842e+05 -2.842e+05
 -6.621e+05 6.621e+05
 -1.213e+06 1.213e+06
 -7.382e+05 7.382e+05
 -9474 9474
 5.475e+04 -5.475e+04
 -2.79e+05 2.79e+05
 2.337e+05 -2.337e+05
 9.321e+05 -9.321e+05
 -1.648e+06 1.648e+06
 -3.033e+05 3.033e+05
 -4.215e+05 4.215e+05
 -7.203e+05 7.203e+05
 -1.014e+05 1.014e+05
 2.758e+05 -2.758e+05
 2.442e+05 -2.442e+05
 3.19e+05 -3.19e+05
 -4.089e+05 4.089e+05
 3.225e+06 -3.225e+06
 6.682e+05 -6.682e+05
 4.141e+05 -4.141e+05
 -2.985e+05 2.985e+05
 6.097e+04 -6.097e+04
 -4.676e+05 4.676e+05
 -6.093e+05 6.093e+05
 -2.293e+05 2.293e+05
 4.084e+05 -4.084e+05
 -3.779e+05 3.779e+05
 8.878e+05 -8.878e+05
 7.216e+04 -7.216e+04
 1.581e+05 -1.581e+05
 -6.927e+05 6.927e+05
 -4.138e+05 4.138e+05
 2298 -2298
 2.519e+05 -2.519e+05
 2.539e+05 -2.539e+05
 1.786e+05 -1.786e+05
 1.015e+06 -1.015e+06
 -3.544e+05 3.544e+05
 -3.201e+05 3.201e+05
 3.315e+05 -3.315e+05
 2.965e+05 -2.965e+05
 -9.511e+05 9.511e+05
 1.024e+06 -1.024e+06
 -2.524e+05 2.524e+05
 6.487e+05 -6.487e+05
 8.792e+05 -8.792e+05
 3.224e+05 -3.224e+05
 -2.661e+05 2.661e+05
 -2.211e+05 2.211e+05
 6.886e+05 -6.886e+05
 -4.499e+05 4.499e+05
 7.51e+05 -7.51e+05
 5.95e+05 -5.95e+05
 -4.124e+05 4.124e+05
 1.537e+05 -1.537e+05
 -1.665e+05 1.665e+05
 -1.016e+05 1.016e+05
 -2.631e+05 2.631e+05
 -3.105e+05 3.105e+05
 -2.044e+06 2.044e+06
 -3.824e+05 3.824e+05
 -5.841e+05 5.841e+05
 -6.504e+05 6.504e+05
 1.634e+04 -1.634e+04
 -7.651e+05 7.651e+05
 -7.966e+05 7.966e+05
 9.213e+04 -9.213e+04
 2.897e+05 -2.897e+05
 -9.368e+05 9.368e+05
 2.154e+05 -2.154e+05
 -5.174e+05 5.174e+05
 -5.192e+05 5.192e+05
 -3.864e+05 3.864e+05
 1.018e+06 -1.018e+06
 -4.091e+04 4.091e+04
 2.332e+05 -2.332e+05
 -6.174e+05 6.174e+05
 5.804e+05 -5.804e+05
 -3.48e+05 3.48e+05
 2.874e+04 -2.874e+04
 -3.494e+05 3.494e+05
 2.625e+05 -2.625e+05
 -3.705e+05 3.705e+05
 7.24e+05 -7.24e+05
 -2.531e+05 2.531e+05
 1.463e+05 -1.463e+05
 1.055e+06 -1.055e+06
 2.29e+06 -2.29e+06
 -1.155e+06 1.155e+06
 8.923e+05 -8.923e+05
 -3.284e+05 3.284e+05
 6.44e+05 -6.44e+05
 3.451e+05 -3.451e+05
 5213 -5213
 9.993e+04 -9.993e+04
 -3.02e+05 3.02e+05
 -2.815e+05 2.815e+05
 7.762e+04 -7.762e+04
 -6.913e+05 6.913e+05
 2.281e+05 -2.281e+05
 4.491e+05 -4.491e+05
 4.657e+04 -4.657e+04
 2.002e+06 -2.002e+06
 9.521e+05 -9.521e+05
 -3.388e+05 3.388e+05
 -3.318e+05 3.318e+05
 -4.602e+05 4.602e+05
 -1.989e+05 1.989e+05
 -6345 6345
 -6.281e+05 6.281e+05
 2.504e+05 -2.504e+05
 -4.312e+05 4.312e+05
 5.554e+05 -5.554e+05
 -1.026e+06 1.026e+06
 9.255e+05 -9.255e+05
 8.899e+05 -8.899e+05
 -6.319e+05 6.319e+05
 -6.675e+05 6.675e+05
 -2.754e+05 2.754e+05
 -2.704e+05 2.704e+05
 -1.814e+05 1.814e+05
 1.424e+05 -1.424e+05
 -6.986e+05 6.986e+05
 -2.406e+06 2.406e+06
 -3.624e+05 3.624e+05
 1.005e+06 -1.005e+06
 -1.093e+06 1.093e+06
 5.904e+05 -5.904e+05
 2.007e+06 -2.007e+06
 -1.519e+05 1.519e+05
 3.722e+05 -3.722e+05
 2.282e+05 -2.282e+05
 -8.988e+05 8.988e+05
 -4.418e+05 4.418e+05
 6.549e+05 -6.549e+05
 9.596e+04 -9.596e+04
 3.168e+05 -3.168e+05
 -3.631e+05 3.631e+05
 -2.343e+05 2.343e+05
 -1.633e+05 1.633e+05
 -7.232e+05 7.232e+05
 -7.683e+05 7.683e+05
 -2.279e+05 2.279e+05
 1.086e+06 -1.086e+06
 -2720 2720
 9.702e+05 -9.702e+05
 -4.378e+05 4.378e+05
 7.114e+05 -7.114e+05
 -8.668e+05 8.668e+05
 7.465e+05 -7.465e+05
 1.139e+06 -1.139e+06
 -1.229e+06 1.229e+06
 -1.063e+06 1.063e+06
 2.472e+04 -2.472e+04
 -6.813e+05 6.813e+05
 3.22e+05 -3.22e+05
 -4.73e+05 4.73e+05
 -1.87e+05 1.87e+05
 -2.481e+05 2.481e+05
 1.756e+04 -1.756e+04
 -4.145e+05 4.145e+05
 1.501e+05 -1.501e+05
 -2.722e+05 2.722e+05
 -7.111e+05 7.111e+05
 4.908e+05 -4.908e+05
 -3.22e+05 3.22e+05
 -7.973e+05 7.973e+05
 -8.748e+05 8.748e+05
 -2.055e+05 2.055e+05
 -3.496e+05 3.496e+05
 1.03e+05 -1.03e+05
 -7.323e+05 7.323e+05
 5.484e+05 -5.484e+05
 1.025e+06 -1.025e+06
 2.209e+05 -2.209e+05
 -8.941e+05 8.941e+05
 -3.692e+05 3.692e+05
 4.903e+05 -4.903e+05
 1.746e+05 -1.746e+05
 -8.252e+05 8.252e+05
 6.125e+05 -6.125e+05
 1.137e+06 -1.137e+06
 -1.657e+05 1.657e+05
 -1.939e+05 1.939e+05
 6.52e+05 -6.52e+05
 -2.492e+05 2.492e+05
 -1.68e+05 1.68e+05
 1.073e+05 -1.073e+05
 -7.412e+05 7.412e+05
 -5.362e+05 5.362e+05
 -2.797e+05 2.797e+05
 1.367e+05 -1.367e+05
 -6.642e+05 6.642e+05
 4.126e+05 -4.126e+05
 1.053e+06 -1.053e+06
 3.061e+05 -3.061e+05
 -1.356e+05 1.356e+05
 -3.409e+05 3.409e+05
 -5.014e+05 5.014e+05
 -8.57e+05 8.57e+05
 -9.3e+05 9.3e+05
 -2.844e+05 2.844e+05
 6.514e+04 -6.514e+04
 1.043e+06 -1.043e+06
 -9.643e+04 9.643e+04
 -2.344e+05 2.344e+05
 5.514e+05 -5.514e+05
 1.209e+05 -1.209e+05
 5.353e+05 -5.353e+05
 1.444e+06 -1.444e+06
 7.116e+05 -7.116e+05
 3.821e+04 -3.821e+04
 -4.374e+05 4.374e+05
 1.138e+06 -1.138e+06
 -6.69e+05 6.69e+05
 9.548e+05 -9.548e+05
 4.211e+05 -4.211e+05
 1.283e+06 -1.283e+06
 -1.152e+05 1.152e+05
 -6.033e+05 6.033e+05
 1.216e+06 -1.216e+06
 1.061e+06 -1.061e+06
 -1.019e+06 1.019e+06
 1.394e+06 -1.394e+06
 -5.775e+05 5.775e+05
 8.306e+05 -8.306e+05
 -1.714e+05 1.714e+05
 2.618e+05 -2.618e+05
 -5.962e+05 5.962e+05
 3.338e+05 -3.338e+05
 7.804e+05 -7.804e+05
 1.452e+06 -1.452e+06
 -1.139e+06 1.139e+06
 1.586e+06 -1.586e+06
 9.192e+04 -9.192e+04
 -2.732e+05 2.732e+05
 4.27e+05 -4.27e+05
 -4.644e+05 4.644e+05
 8.595e+05 -8.595e+05
 7.785e+05 -7.785e+05
 1.064e+05 -1.064e+05
 4.737e+05 -4.737e+05
 4.099e+05 -4.099e+05
 2.438e+05 -2.438e+05
 -5.403e+05 5.403e+05
 1.178e+06 -1.178e+06
 4.269e+05 -4.269e+05
 -2.596e+05 2.596e+05
 8.794e+05 -8.794e+05
 -4.022e+05 4.022e+05
 1.923e+05 -1.923e+05
 7.613e+05 -7.613e+05
 -1.208e+05 1.208e+05
 -2.014e+05 2.014e+05
 -9.923e+05 9.923e+05
 2.486e+04 -2.486e+04
 6.049e+05 -6.049e+05
 -5.635e+05 5.635e+05
 -1.128e+06 1.128e+06
 5.222e+05 -5.222e+05
 -9.061e+04 9.061e+04
 1.342e+05 -1.342e+05
 -6.432e+05 6.432e+05
 1.607e+05 -1.607e+05
 -6.845e+04 6.845e+04
 -7.262e+05 7.262e+05
 -2189 2189
 -1.905e+05 1.905e+05
 6.742e+05 -6.742e+05
 7.079e+05 -7.079e+05
 7.744e+05 -7.744e+05
 -6.109e+05 6.109e+05
 5.92e+05 -5.92e+05
 -3.032e+05 3.032e+05
 -6389 6389
 9.402e+05 -9.402e+05
 -4.161e+05 4.161e+05
 -1.337e+06 1.337e+06
 -5.735e+05 5.735e+05
 6.018e+05 -6.018e+05
 -8.442e+05 8.442e+05
 3.281e+05 -3.281e+05
 6.74e+05 -6.74e+05
 2.787e+05 -2.787e+05
 1.316e+06 -1.316e+06
 5.195e+05 -5.195e+05
 -1.88e+05 1.88e+05
 1.396e+05 -1.396e+05
 5.315e+05 -5.315e+05
 -4.486e+05 4.486e+05
 6.309e+04 -6.309e+04
 -5.044e+05 5.044e+05
 4.893e+05 -4.893e+05
 2.068e+05 -2.068e+05
 -2.198e+05 2.198e+05
 -9.206e+04 9.206e+04
 -8.739e+05 8.739e+05
 -1.94e+06 1.94e+06
 -4.133e+05 4.133e+05
 -2.383e+05 2.383e+05
 9.829e+05 -9.829e+05
 -4.76e+05 4.76e+05
 -3.593e+05 3.593e+05
 4.544e+05 -4.544e+05
 1.881e+05 -1.881e+05
 -5.411e+04 5.411e+04
 5.756e+05 -5.756e+05
 -1.01e+06 1.01e+06
 2.295e+05 -2.295e+05
 4.241e+05 -4.241e+05
 -1.07e+06 1.07e+06
 -8.575e+05 8.575e+05
 4.944e+05 -4.944e+05
 8.498e+05 -8.498e+05
 1.45e+05 -1.45e+05
 -8.455e+05 8.455e+05
 1.02e+06 -1.02e+06
 8.51e+05 -8.51e+05
 7.144e+05 -7.144e+05
 -4.023e+05 4.023e+05
 -3.59e+05 3.59e+05
 -8.887e+05 8.887e+05
 -4.578e+05 4.578e+05
 2.354e+05 -2.354e+05
 5.428e+05 -5.428e+05
 3.264e+05 -3.264e+05
 -9.344e+04 9.344e+04
 1.783e+05 -1.783e+05
 2e+05 -2e+05
 -9.295e+04 9.295e+04
 -5.794e+04 5.794e+04
 -2.781e+05 2.781e+05
 3.263e+05 -3.263e+05
 -1.861e+05 1.861e+05
 -3.422e+05 3.422e+05
 -2.154e+05 2.154e+05
 4.307e+05 -4.307e+05
 4.728e+05 -4.728e+05
 -1.134e+06 1.134e+06
 -1.264e+05 1.264e+05
 -5.45e+05 5.45e+05
 -2.429e+05 2.429e+05
 1.38e+06 -1.38e+06
 -6.635e+05 6.635e+05
 -5.311e+05 5.311e+05
 1119 -1119
 -6.808e+05 6.808e+05
 -7.57e+05 7.57e+05
 -9.522e+04 9.522e+04
 -8.103e+05 8.103e+05
 5.527e+05 -5.527e+05
 2.133e+05 -2.133e+05
 2.278e+05 -2.278e+05
 3.33e+05 -3.33e+05
 -6.973e+04 6.973e+04
 2.339e+05 -2.339e+05
 5.221e+05 -5.221e+05
 1.716e+06 -1.716e+06
 -3.338e+05 3.338e+05
 -3.419e+05 3.419e+05
 -9.302e+04 9.302e+04
 7.219e+05 -7.219e+05
 -5.688e+04 5.688e+04
 -8.363e+05 8.363e+05
 -1.084e+06 1.084e+06
 1.077e+06 -1.077e+06
 -2.41e+05 2.41e+05
 5.656e+05 -5.656e+05
 2.408e+05 -2.408e+05
 2.402e+04 -2.402e+04
 -2.511e+05 2.511e+05
 1.11e+05 -1.11e+05
 -5.5e+05 5.5e+05
 -6.476e+05 6.476e+05
 7.151e+05 -7.151e+05
 -1.522e+06 1.522e+06
 9.42e+05 -9.42e+05
 2.169e+05 -2.169e+05
 8.304e+05 -8.304e+05
 1.819e+05 -1.819e+05
 -7.797e+05 7.797e+05
 -4.681e+05 4.681e+05
 -1.281e+05 1.281e+05
 -3.513e+05 3.513e+05
 -8.783e+05 8.783e+05
 2.922e+05 -2.922e+05
 -8.676e+04 8.676e+04
 -3.906e+05 3.906e+05
 8.553e+05 -8.553e+05
 6.889e+04 -6.889e+04
 6.309e+05 -6.309e+05
 -7.663e+05 7.663e+05
 -1.062e+05 1.062e+05
 6.16e+05 -6.16e+05
 6.601e+05 -6.601e+05
 -6.292e+04 6.292e+04
 -1.79e+06 1.79e+06
 3.84e+05 -3.84e+05
 -3.873e+05 3.873e+05
 3.071e+05 -3.071e+05
 6.311e+05 -6.311e+05
 -3.462e+05 3.462e+05
 -6.69e+05 6.69e+05
 -6.167e+04 6.167e+04
 -1.51e+06 1.51e+06
 -1.245e+06 1.245e+06
 7.842e+05 -7.842e+05
 -2.702e+05 2.702e+05
 -4.022e+05 4.022e+05
 1.368e+05 -1.368e+05
 1.436e+06 -1.436e+06
 -6.754e+05 6.754e+05
 -6.553e+05 6.553e+05
 -1.193e+06 1.193e+06
 -5.395e+04 5.395e+04
 -1.241e+06 1.241e+06
 3.518e+05 -3.518e+05
 -9.059e+05 9.059e+05
 -6.018e+05 6.018e+05
 -1.162e+05 1.162e+05
 1.069e+06 -1.069e+06
 8.647e+05 -8.647e+05
 -2.489e+05 2.489e+05
 5328 -5328
 6.915e+05 -6.915e+05
 -5.116e+05 5.116e+05
 -5.717e+05 5.717e+05
 3.81e+05 -3.81e+05
 -8.664e+05 8.664e+05
 2.627e+05 -2.627e+05
 -9.008e+05 9.008e+05
 -1.787e+05 1.787e+05
 8.725e+05 -8.725e+05
 3.932e+05 -3.932e+05
 9.166e+05 -9.166e+05
 1.63e+04 -1.63e+04
 1.008e+06 -1.008e+06
 -1.329e+06 1.329e+06
 -4.088e+05 4.088e+05
 1.082e+05 -1.082e+05
 7.787e+05 -7.787e+05
 -2.671e+05 2.671e+05
 -1.382e+05 1.382e+05
 2.447e+05 -2.447e+05
 -5.887e+05 5.887e+05
 9.773e+05 -9.773e+05
 -5.034e+05 5.034e+05
 3.156e+05 -3.156e+05
 4.282e+05 -4.282e+05
 -1.021e+05 1.021e+05
 -1.892e+05 1.892e+05
 9.042e+05 -9.042e+05
 5.101e+05 -5.101e+05
 -9.69e+05 9.69e+05
 5.25e+05 -5.25e+05
 3.755e+04 -3.755e+04
 4.667e+05 -4.667e+05
 -7.846e+05 7.846e+05
 7.9e+05 -7.9e+05
 -1.247e+04 1.247e+04
 -5.708e+04 5.708e+04
 1.569e+05 -1.569e+05
 1.774e+05 -1.774e+05
 -3.865e+05 3.865e+05
 6.411e+05 -6.411e+05
 -2.343e+05 2.343e+05
 3.802e+05 -3.802e+05
 2.202e+05 -2.202e+05
 -2.629e+05 2.629e+05
 6.113e+05 -6.113e+05
 3.527e+05 -3.527e+05
 2.545e+05 -2.545e+05
 -6.841e+05 6.841e+05
 -6.901e+05 6.901e+05
 1.336e+06 -1.336e+06
 -1.603e+05 1.603e+05
 1.14e+06 -1.14e+06
 -1.537e+05 1.537e+05
 1.899e+05 -1.899e+05
 1.909e+05 -1.909e+05
 5.278e+05 -5.278e+05
 1.377e+06 -1.377e+06
 -1.263e+06 1.263e+06
 -7.248e+05 7.248e+05
 -4.795e+05 4.795e+05
 1.757e+05 -1.757e+05
 -1.03e+05 1.03e+05
 6.876e+04 -6.876e+04
 1.298e+05 -1.298e+05
 3.88e+04 -3.88e+04
 1.283e+06 -1.283e+06
 -9.258e+05 9.258e+05
 1.549e+05 -1.549e+05
 9.054e+05 -9.054e+05
 -3.339e+05 3.339e+05
 4.973e+05 -4.973e+05
 -7.052e+05 7.052e+05
 -1.483e+06 1.483e+06
 7.33e+05 -7.33e+05
 4.163e+05 -4.163e+05
 4.533e+05 -4.533e+05
 -2.396e+05 2.396e+05
 1.504e+06 -1.504e+06
 -6.464e+05 6.464e+05
 -7.277e+05 7.277e+05
 5.58e+05 -5.58e+05
 3.89e+05 -3.89e+05
 4.233e+04 -4.233e+04
 3.479e+05 -3.479e+05
 -1.249e+06 1.249e+06
 3.605e+05 -3.605e+05
 1.118e+06 -1.118e+06
 2.256e+05 -2.256e+05
 8.553e+05 -8.553e+05
 4.462e+04 -4.462e+04
 4.667e+05 -4.667e+05
 -3.792e+05 3.792e+05
 1.33e+06 -1.33e+06
 -3.818e+05 3.818e+05
 6.594e+05 -6.594e+05
 9.139e+05 -9.139e+05
 -1.226e+06 1.226e+06
 -6.609e+05 6.609e+05
 -1.643e+05 1.643e+05
 3.55e+05 -3.55e+05
 4.691e+05 -4.691e+05
 -4.556e+05 4.556e+05
 3.639e+04 -3.639e+04
 -8.841e+05 8.841e+05
 -6.659e+05 6.659e+05
 -5.451e+05 5.451e+05
 -6.799e+05 6.799e+05
 -4.405e+05 4.405e+05
 1.438e+04 -1.438e+04
 -5.576e+05 5.576e+05
 1.169e+06 -1.169e+06
 2.027e+06 -2.027e+06
 2.595e+05 -2.595e+05
 -1.252e+06 1.252e+06
 2.995e+05 -2.995e+05
 6.357e+04 -6.357e+04
 7.74e+05 -7.74e+05
 4.292e+05 -4.292e+05
 1.097e+06 -1.097e+06
 -1.642e+05 1.642e+05
 5.835e+04 -5.835e+04
 1.445e+06 -1.445e+06
 4.643e+04 -4.643e+04
 7.218e+04 -7.218e+04
 -2.081e+06 2.081e+06
 -4.933e+05 4.933e+05
 -3.097e+05 3.097e+05
 2.054e+05 -2.054e+05
 -1.375e+05 1.375e+05
 7.143e+05 -7.143e+05
 1.985e+05 -1.985e+05
 4.588e+05 -4.588e+05
 -6.04e+05 6.04e+05
 -2.171e+04 2.171e+04
 -4.268e+05 4.268e+05
 -3.689e+05 3.689e+05
 -5.513e+04 5.513e+04
 3.235e+05 -3.235e+05
 9.227e+05 -9.227e+05
 2.528e+05 -2.528e+05
 5.43e+05 -5.43e+05
 9.598e+04 -9.598e+04
 -1.553e+05 1.553e+05
 -1.007e+05 1.007e+05
 -4.746e+04 4.746e+04
 5.591e+05 -5.591e+05
 6.085e+05 -6.085e+05
 -5.338e+05 5.338e+05
 -5979 5979
 -2.867e+05 2.867e+05
 2.386e+05 -2.386e+05
 -1.295e+06 1.295e+06
 -4.912e+05 4.912e+05
 -1.656e+04 1.656e+04
 4.471e+05 -4.471e+05
 3.858e+05 -3.858e+05
 6.847e+04 -6.847e+04
 3.023e+04 -3.023e+04
 -8.057e+04 8.057e+04
 -5.475e+05 5.475e+05
 -8.926e+04 8.926e+04
 -4.221e+05 4.221e+05
 -1.043e+05 1.043e+05
 5.092e+05 -5.092e+05
 -9.736e+04 9.736e+04
 -6.205e+05 6.205e+05
 -4.062e+05 4.062e+05
 -6.636e+05 6.636e+05
 -4.497e+04 4.497e+04
 1.064e+06 -1.064e+06
 3.952e+05 -3.952e+05
 -7.302e+05 7.302e+05
 -5.069e+05 5.069e+05
 3.215e+04 -3.215e+04
 5.196e+05 -5.196e+05
 -1.283e+05 1.283e+05
 1.257e+06 -1.257e+06
 -1.067e+06 1.067e+06
 -1.588e+06 1.588e+06
 -8.903e+05 8.903e+05
 -6.771e+05 6.771e+05
 1.369e+06 -1.369e+06
 2.636e+04 -2.636e+04
 2.298e+05 -2.298e+05
 -7.299e+05 7.299e+05
 1.162e+05 -1.162e+05
 8.722e+05 -8.722e+05
 -2.763e+05 2.763e+05
 4.81e+04 -4.81e+04
 -1.231e+05 1.231e+05
 3.094e+04 -3.094e+04
 9.532e+05 -9.532e+05
 8.846e+05 -8.846e+05
 -1.838e+06 1.838e+06
 6.9e+05 -6.9e+05
 -3.707e+05 3.707e+05
 -5.292e+05 5.292e+05
 -1.608e+05 1.608e+05
 -1.006e+06 1.006e+06
 3.42e+04 -3.42e+04
 -6.704e+05 6.704e+05
 1.334e+06 -1.334e+06
 -3.481e+05 3.481e+05
 4.062e+04 -4.062e+04
 1.231e+06 -1.231e+06
 -6.304e+05 6.304e+05
 -1.253e+05 1.253e+05
 6.656e+05 -6.656e+05
 -1.197e+06 1.197e+06
 2.268e+05 -2.268e+05
 2.361e+05 -2.361e+05
 -8.96e+05 8.96e+05
 -1.148e+05 1.148e+05


